t (days)
85.71374860
86.71888679
87.70571924
88.70453930
89.70192304
90.70962197
91.70381887
92.69107122
93.70840375
94.70533282
95.71695026
96.70666470
97.70076221
98.68577665
99.67762144
100.71187418
101.69142459
102.68167204
103.71697960
104.65939350
105.68046619
106.67345823
107.68441943
108.71754794
109.64661553
110.71216302
111.66585211
112.71136060
113.63523627
114.64331020
115.63050588
116.62723832
117.69458592
118.66597337
119.68714871
120.68292396
121.64300318
122.70911920
123.68812836
124.62418741
125.71055801
126.61364307
127.70694324
128.71834988
129.65669952
130.64310987
131.59113597
132.62985639
133.68109300
134.57644527
135.69451595
136.57950935
137.60967331
138.57502987
139.66155720
140.67618278
141.69230078
142.65239421
143.71872050
144.66705465
146.55765023
147.69868594
148.59851001
149.67948462
150.69070482
151.61969908
152.58004762
153.53095771
154.52787971
155.53508956
156.52691301
157.73336753
158.53939093
159.60490470
160.65563044
161.73356666
162.52448581
163.53007766
164.51761550
165.56057515
166.51552094
167.48930000
168.62829779
169.51954730
170.58262425
171.63787270
172.71304881
173.68428133
174.53528979
175.72896946
176.49134830
177.49896243
178.56336895
179.60815764
180.66114986
181.55452723
182.59080526
183.70680034
184.49780395
185.68712182
186.60036093
187.60614547
188.56812458
189.60089463
190.47727128
191.48569529
192.52798205
193.50225075
194.45342265
195.49904788
196.40975985
197.60445911
198.63735863
199.68048921
200.55662372
201.57000184
202.58799481
203.65134746
204.51787457
205.38844666
206.45079568
207.48111040
208.59622783
209.56218891
210.47000994
211.57130998
212.41501899
213.37713499
214.41319533
215.37493481
216.38298824
217.42131251
218.37203060
219.51560746
220.46533054
221.45737299
222.64949887
223.62658593
224.39086844
225.35188253
226.55654897
227.50720353
228.51065895
229.38641493
230.58764906
231.34223039
232.39643338
233.43609976
234.46760904
235.35437834
236.50506800
237.36817744
238.48736453
239.44292740
240.46163385
241.37724237
242.36857603
243.56897710
244.33490033
245.51002831
246.54009964
247.46879170
248.41436667
249.38674780
250.35777756
251.55577664
252.51148380
253.51302395
254.44085860
255.54952483
256.52739395
257.53270878
258.46773640
259.40578613
260.33462248
261.54787989
262.34316807
263.51716749
264.35716213
265.32851665
266.36150990
267.47749983
268.37273152
269.32049076
270.38428370
271.41517293
272.41388762
273.48045540
274.40524614
275.36642543
276.47000276
277.44866663
278.37341227
279.45091989
280.49581556
281.46995800
282.47772401
283.45451150
284.42051384
285.41685855
286.38125930
287.40052730
288.33478701
289.34900144
290.34745222
291.31124808
292.35250103
293.45838340
294.32773996
295.37980758
296.38149067
297.32419514
298.33414320
299.38546598
300.42542391
301.43561091
302.31678617
303.40221415
304.37225261
305.32567296
306.33597407
307.36925132
308.37717508
309.41038414
310.31690935
311.34416830
312.31766612
313.32034082
314.37095171
315.33586751
316.38873301
317.37538591
318.36733369
319.34216875
320.38313125
321.35181216
322.36369524
323.35880496
324.37446722
325.32882997
326.34617834
326.33797566
328.36315316
329.33276012
330.34779492
331.35041659
332.34039676
333.33115351
334.35219703
335.34285157
336.34203785
337.33888032
338.33841805
339.33763078
340.33226637
341.33002158
450.71729314
451.71506816
452.71282225
453.70428427
454.70483654
455.70932002
456.70251362
457.71427143
458.70823265
459.71490843
460.69111658
461.70843348
462.70624445
463.69624061
464.67990682
465.69337890
466.68951625
467.68702888
468.70022260
469.66260530
470.67080579
471.66445348
472.68764318
473.67461784
474.68794112
475.64543319
476.69159241
477.68458307
478.66872962
479.68587763
480.68868608
481.69766269
482.70427442
483.70321684
484.68437014
485.61883154
486.64079469
487.63818605
488.66675655
489.65216037
490.64274760
491.69892483
492.64763247
493.66070778
494.72003481
495.61075118
496.62832408
497.63193056
498.69543260
499.58667721
500.69556120
501.70278243
502.57513331
503.63313873
504.59612169
505.64818302
506.60515608
507.65590033
508.72152973
509.59990626
511.72207066
512.71640041
513.62674366
514.62762646
515.71855387
516.67725134
517.71497456
518.55099725
519.55894732
520.69575514
521.65741989
522.61185495
523.56207137
524.62795568
525.52234966
526.68109713
527.67044863
528.71048084
529.50113728
530.57149602
531.55209475
532.58978902
533.66775395
534.56157420
535.59695076
536.61514768
537.67632884
538.63821871
539.62768945
540.50477042
541.46364819
542.57102344
543.74550398
544.73614971
545.53118990
546.56941935
547.47108123
548.68561380
549.53752726
550.65766086
551.73055966
552.44034672
553.74157257
554.58261020
555.62954353
556.69287880
557.44432644
558.57815153
559.53212605
560.42427621
561.51369583
562.41414490
563.58406779
564.53257224
565.47955900
566.55779713
567.52730399
568.60845628
569.42872918
570.59414600
571.60417015
572.39386636
573.65311072
574.51664505
575.61193079
576.41925939
577.37614143
578.36471822
579.43777422
580.59708164
581.51820819
582.64237339
583.55683049
584.42536343
585.55498609
586.51189759
587.46710207
588.34129946
589.65352410
590.46878752
591.35973733
592.42914823
593.44573833
594.61526089
595.57339733
596.58553607
597.43566070
598.46009197
599.36505680
600.57085948
601.47438583
602.33827838
603.34637979
604.57712257
605.44369163
606.46600370
607.42428239
608.58404186
609.43293010
610.36204791
611.53126682
612.41964710
613.37519384
614.38020893
615.40454948
616.53747217
617.53552998
618.33634021
619.48891377
620.38179473
621.30284177
622.54436344
623.38355000
624.45403894
625.46053787
626.44835526
627.43615270
628.39361803
629.48214952
630.38557955
631.45285134
632.46516156
633.47125653
634.30842049
635.30421003
636.47854231
637.42861112
638.42543438
639.46606815
640.46535676
641.40239349
642.29852810
643.39291039
644.45669051
645.39948700
646.34942288
647.45853042
648.37378553
649.36294899
650.42923727
651.45304794
652.38561212
653.36473983
654.47617129
655.37297455
656.44113519
657.45732985
658.44840918
659.40756615
660.44106580
661.39104171
662.40829175
663.35544224
664.30640617
665.37907131
666.41459472
667.42141146
668.37372227
669.31163622
670.34996183
671.42408217
672.32258628
673.37186882
674.35469655
675.38263565
676.35199062
677.37039126
678.35816113
679.34907306
680.40089067
681.33375350
682.39940620
683.31726936
684.35561258
685.35737819
686.36300736
687.34354480
688.34236473
689.31756968
690.33566764
691.35550075
692.34939154
692.36648871
694.34819576
695.32909452
696.34635312
697.34758952
698.34062568
699.34949929
700.34749911
701.34101723
702.33270277
703.34048984
704.33755346
705.32492761
706.32762496
816.70945109
817.71717632
818.70353575
819.70815935
820.69834759
821.69833920
822.69541562
823.70167650
824.69097349
825.70651911
826.69367621
827.69589135
828.68736630
829.69274935
830.67173507
831.68483918
832.69897671
833.67315109
834.69630244
835.70458921
836.66140042
837.65624219
838.71640533
839.66077072
840.71511965
841.67798826
842.67411492
843.64386684
844.70987087
845.69854301
846.66745582
847.69969223
848.63372300
849.71681463
850.69356172
851.68904967
852.66011086
853.67763708
854.69177942
855.64927124
856.70145128
857.60085076
858.64770677
859.60370479
860.65452958
861.65715966
862.59174519
863.66557949
864.64559373
865.63063516
866.65684117
867.67243032
868.63226535
869.64743485
870.69489894
871.66862786
872.71443835
873.66747167
874.57278701
876.62195016
877.64505282
878.70080135
879.66987681
880.67754885
881.57114594
882.63500918
883.63273943
884.64946593
885.56152115
886.66724541
887.55762258
888.71823025
889.58531385
890.51645667
891.72832740
892.58559111
893.72002980
894.61325843
895.52889531
896.56291446
897.59367318
898.65264158
899.54646666
900.59019417
901.57007064
902.47859825
903.59639948
904.62667874
905.58704140
906.63708327
907.66109851
908.60377052
909.62393078
910.68724575
911.53215167
912.72197243
913.71879744
914.61122289
915.44359813
916.70945624
917.72213960
918.43318210
919.49102420
920.49984617
921.69704776
922.58799034
923.51448455
924.52160470
925.48890007
926.63061165
927.71146420
928.68212629
929.67821848
930.54116334
931.51343750
932.47108542
933.43724025
934.44216146
935.53837902
936.64538524
937.52863970
938.65565317
939.55262591
940.47539580
941.41420709
942.39916443
943.37350670
944.57144537
945.63492783
946.54760367
947.36514976
948.63915462
949.56343536
950.45746095
951.57388150
952.39855722
953.43136426
954.40584581
955.47790189
956.57422550
957.33798763
958.53676566
959.45768047
960.32436912
961.48638060
962.36374796
963.46881376
964.54067268
965.36922914
966.58827227
967.44083397
968.47431686
969.42418521
970.31017915
971.42402639
972.32281510
973.58444416
974.56066869
975.58320732
976.32555498
977.30405431
978.51582176
979.45384819
980.32195309
981.39316014
982.45566652
983.46492735
984.53313514
985.41743226
986.51297138
987.39340498
988.49126907
989.45615719
990.46425429
991.41922466
992.50255509
993.38618454
994.32434363
995.43716910
996.30414865
997.52074195
998.46835041
999.34055422
1000.35956830
1001.43248038
1002.31950263
1003.46809135
1004.30316027
1005.30906820
1006.45709017
1007.38055165
1008.46549700
1009.36965315
1010.40548685
1011.33997568
1012.48758452
1013.36604067
1014.30289158
1015.35994057
1016.33079747
1017.42893322
1018.43519691
1019.30578910
1020.31189170
1021.34815761
1022.45538549
1023.30760818
1024.43152887
1025.43919073
1026.37720752
1027.40677031
1028.35550889
1029.44496033
1030.39625403
1031.37844026
1032.34808508
1033.37820787
1034.41986592
1035.36054840
1036.40121826
1037.39428419
1038.36970119
1039.32812416
1040.34551960
1041.37250331
1042.34218485
1043.35802979
1044.38384202
1045.32681967
1046.33122302
1047.32026940
1048.33186654
1049.38443208
1050.35894208
1051.37682444
1052.32014157
1053.34205693
1054.31775888
1055.35859135
1056.34675067
1057.36298123
1057.33688248
1059.35862692
1060.35844512
1061.32457769
1062.33690720
1063.34803831
1064.35234787
1065.33162026
1066.34458616
1067.32561290
1068.34088319
1069.33591345
1070.32589011
1071.32803973
1181.71033976
1182.70836346
1183.71631734
1184.71253678
1185.71653836
1186.70280888
1187.71561078
1188.70823568
1189.71514988
1190.70841007
1191.69899628
1192.71416764
1193.71732964
1194.69655603
1195.68540488
1196.67534114
1197.70629011
1198.67706657
1199.67767051
1200.66753571
1201.66769108
1202.68624845
1203.65469967
1204.68130955
1205.66986161
1206.68976915
1207.65012226
1208.66574454
1209.70191955
1210.67421891
1211.65654048
1212.69667427
1213.63448231
1214.64513644
1215.66131636
1216.65762785
1217.66800832
1218.67093461
1219.62187195
1220.70213050
1221.67449986
1222.63680504
1223.64682574
1224.60924021
1225.72129935
1226.70518525
1227.60780843
1228.61913467
1229.67305666
1230.71106284
1231.59270745
1232.71012915
1233.61924680
1234.63467239
1235.58712791
1236.67033722
1237.67275145
1238.55893313
1239.60264060
1240.66257196
1242.71436846
1243.59067421
1244.63405314
1245.59816050
1246.61711933
1247.59768807
1248.59668633
1249.60656772
1250.61554132
1251.65565588
1252.57719738
1253.60877377
1254.54035664
1255.61544793
1256.52533591
1257.70278169
1258.51474212
1259.63544843
1260.65555079
1261.54663010
1262.63735877
1263.71419199
1264.67645440
1265.52145395
1266.70667340
1267.59880680
1268.59241333
1269.55279794
1270.70722336
1271.52973508
1272.49324416
1273.48802332
1274.55090887
1275.58478130
1276.45285832
1277.70639128
1278.61888177
1279.51469001
1280.59732286
1281.51422888
1282.63488857
1283.56455961
1284.44956369
1285.42690641
1286.60339179
1287.51618527
1288.67555673
1289.64185194
1290.70675418
1291.59803613
1292.63298086
1293.52295505
1294.48992267
1295.69542379
1296.68204088
1297.58592393
1298.53616330
1299.38956857
1300.42683254
1301.58249993
1302.63977597
1303.60365167
1304.54824277
1305.39560922
1306.55765083
1307.44174553
1308.65667636
1309.42099889
1310.48975345
1311.45214228
1312.59294929
1313.49268656
1314.39353448
1315.55224162
1316.39904793
1317.53163905
1318.43790129
1319.62864507
1320.62472552
1321.47893414
1322.42348180
1323.42564521
1324.60756051
1325.40585823
1326.35349374
1327.45811035
1328.46181423
1329.60857221
1330.34764724
1331.41147933
1332.58683820
1333.59044962
1334.40479579
1335.43311401
1336.36544959
1337.52129454
1338.45510873
1339.42905363
1340.39805488
1341.49893152
1342.45694278
1343.51778105
1344.39126361
1345.46983887
1346.48751534
1347.35682243
1348.43575731
1349.37158625
1350.54820618
1351.53756802
1352.45032177
1353.34826859
1354.33780411
1355.35935631
1356.46606145
1357.45597246
1358.34369912
1359.52098623
1360.34820720
1361.53720308
1362.40018664
1363.37469932
1364.46741011
1365.52913674
1366.42191831
1367.41685867
1368.31970556
1369.46246994
1370.36761313
1371.42577477
1372.31930440
1373.44283787
1374.47884749
1375.47964120
1376.35497928
1377.47907143
1378.30410339
1379.47341970
1380.32060881
1381.33040878
1382.35224103
1383.41422858
1384.38763331
1385.44087563
1386.42892300
1387.35128994
1388.37188139
1389.38104365
1390.35110688
1391.31658671
1392.40170057
1393.35914994
1394.33172536
1395.42586726
1396.43707943
1397.31165783
1398.31280200
1399.39512304
1400.30946568
1401.35718833
1402.40567654
1403.39181384
1404.39394221
1405.41345235
1406.36146408
1407.38080158
1408.35920716
1409.32295189
1410.32749675
1411.40348477
1412.31171095
1413.37301359
1414.36957027
1415.33083800
1416.35138667
1417.37877326
1418.36957294
1419.35546795
1420.33450383
1421.34796792
1422.32314551
1422.36489510
1424.35165338
1425.34998776
1426.32340259
1427.33705664
1428.34250663
1429.34913804
1430.32092947
1431.34336160
1432.33108729
1433.34223832
1434.33477418
1435.33338470
1436.33186453
1546.71584878
1547.71159248
1548.71689485
1549.71309231
1550.70837551
1551.70472574
1552.71271463
1553.71112059
1554.69660686
1555.71105582
1556.71744419
1557.70825155
1558.71296468
1559.69905973
1560.71389976
1561.68608109
1562.71555805
1563.70848368
1564.67136632
1565.71069662
1566.69572549
1567.66009020
1568.68906975
1569.69692454
1570.70958661
1571.67746762
1572.66814699
1573.69280354
1574.71254176
1575.64490903
1576.63103459
1577.70835147
1578.63280334
1579.70987361
1580.70051957
1581.62227378
1582.66980624
1583.63230259
1584.71896308
1585.62660223
1586.63258558
1587.70226789
1588.71820194
1589.65829710
1590.64649886
1591.66438400
1592.70117591
1593.59266676
1594.68572092
1595.67801545
1596.66982526
1597.70733567
1598.57864876
1599.62241943
1600.68851209
1601.68871683
1602.59162209
1603.68191415
1604.69545907
1605.60882048
1607.71012300
1608.62738252
1609.67232308
1610.63199075
1611.57060379
1612.65723124
1613.57155713
1614.54723616
1615.52473439
1616.65124227
1617.51876593
1618.67988898
1619.60900974
1620.61710934
1621.71708978
1622.55244342
1623.53185622
1624.61326738
1625.58946676
1626.62962790
1627.72331675
1628.65112989
1629.62833456
1630.63497726
1631.53448610
1632.65250239
1633.71976157
1634.56670323
1635.58809681
1636.51506453
1637.55507463
1638.54004715
1639.50954666
1640.50364842
1641.48156772
1642.63234782
1643.51953846
1644.56932422
1645.54970532
1646.59534709
1647.52478256
1648.50850802
1649.50595264
1650.51252690
1651.44475032
1652.69988351
1653.42187668
1654.63265118
1655.41697742
1656.44186652
1657.70210213
1658.58411401
1659.45735543
1660.70990899
1661.41933251
1662.70207259
1663.55677510
1664.66140439
1665.67958238
1666.41835196
1667.45102144
1668.45028521
1669.48425705
1670.48830377
1671.54858995
1672.38557591
1673.60424943
1674.38331864
1675.44006368
1676.51776698
1677.63715779
1678.61069060
1679.56881988
1680.36202217
1681.52232308
1682.44889009
1683.46122501
1684.40035656
1685.43026743
1686.35535787
1687.44142728
1688.33410747
1689.59067419
1690.42881941
1691.59009703
1692.40709737
1693.52315128
1694.33889687
1695.31700234
1696.51402713
1697.58747693
1698.38746565
1699.37594708
1700.50736005
1701.38809285
1702.48557403
1703.57364412
1704.39080306
1705.31080896
1706.32507577
1707.34835088
1708.48849575
1709.46832607
1710.50523618
1711.36351381
1712.55307306
1713.40244487
1714.53800364
1715.56975191
1716.34170571
1717.48103394
1718.48087775
1719.32233530
1720.44198635
1721.34633501
1722.30659236
1723.38131326
1724.30517286
1725.48323060
1726.39929418
1727.53731494
1728.39688199
1729.38605321
1730.31562593
1731.47445208
1732.46259919
1733.40132704
1734.51670678
1735.34070326
1736.45416605
1737.31804701
1738.32409978
1739.33978394
1740.37034914
1741.44812483
1742.46607575
1743.30579708
1744.47589052
1745.45043716
1746.37656987
1747.42318135
1748.44689491
1749.46080722
1750.38670887
1751.41531330
1752.36499335
1753.41002124
1754.32242727
1755.40424367
1756.38756069
1757.30563407
1758.37883012
1759.35778028
1760.42829472
1761.30538049
1762.37659160
1763.32058178
1764.37243520
1765.38574382
1766.33247865
1767.39944971
1768.41288480
1769.41644816
1770.37502843
1771.40177663
1772.34032057
1773.40064297
1774.31832753
1775.33739449
1776.33751391
1777.33542812
1778.34710494
1779.36227711
1780.33119380
1781.32993500
1782.36754167
1783.33617457
1784.36070318
1785.36206597
1786.32708717
1787.36538773
1787.32068167
1789.35450168
1790.36334778
1791.33429211
1792.36013745
1793.33420932
1794.34813353
1795.35157179
1796.34051866
1797.33720108
1798.34063281
1799.32961528
1800.32499124
1801.32647656
1802.32563973
1911.71939429
1912.71327300
1913.71372793
1914.70294763
1915.70832187
1916.71806723
1917.70790278
1918.70106854
1919.69529081
1920.69126992
1921.71655821
1922.71136737
1923.70932343
1924.70493196
1925.71121629
1926.67524840
1927.67407857
1928.69395241
1929.68388795
1930.68506977
1931.70712853
1932.69453577
1933.66369364
1934.66195085
1935.69516544
1936.66071899
1937.71444211
1938.71278400
1939.69234599
1940.69518500
1941.65206416
1942.70468284
1943.65475237
1944.70011757
1945.63077775
1946.62701150
1947.61967196
1948.64480236
1949.62943165
1950.70471002
1951.66532720
1952.61989534
1953.65049864
1954.70577520
1955.72275932
1956.72320339
1957.66739301
1958.60816751
1959.63796000
1960.64154878
1961.63429786
1962.68080577
1963.58256528
1964.61689081
1965.68506518
1966.62584673
1967.59886824
1968.61852904
1969.71484226
1970.55914303
1972.56534205
1973.61915032
1974.60487626
1975.64656323
1976.62879412
1977.65687208
1978.55013136
1979.59529263
1980.52543865
1981.71453661
1982.67679782
1983.65287569
1984.53684479
1985.61213687
1986.72444164
1987.60681278
1988.67627203
1989.64843186
1990.62800750
1991.69333815
1992.61374675
1993.69158183
1994.69956690
1995.60823811
1996.49172790
1997.52740064
1998.51426510
1999.73008975
2000.55401749
2001.62879906
2002.48293127
2003.58197557
2004.72740831
2005.46697491
2006.64871376
2007.59131499
2008.61467520
2009.57222636
2010.69257025
2011.57510096
2012.69300691
2013.48227544
2014.72126510
2015.62490354
2016.46481218
2017.47289774
2018.63321249
2019.71461326
2020.53925086
2021.47096835
2022.72186751
2023.63674354
2024.54185564
2025.55571269
2026.43479859
2027.60812863
2028.49370631
2029.54157801
2030.54122181
2031.57181211
2032.66698349
2033.51854976
2034.62730772
2035.56938258
2036.52754194
2037.39978886
2038.51023387
2039.41662187
2040.45121865
2041.53084365
2042.56914872
2043.52950051
2044.35445393
2045.45440618
2046.55464990
2047.47855085
2048.61378397
2049.37875580
2050.35273111
2051.45073865
2052.57470996
2053.45052289
2054.48877060
2055.54817936
2056.38669931
2057.50913544
2058.33514650
2059.52960083
2060.35913026
2061.55311231
2062.57507181
2063.52925876
2064.50197696
2065.38108621
2066.34392857
2067.39998929
2068.54027004
2069.51758487
2070.31791975
2071.32640498
2072.34129292
2073.39266552
2074.31626551
2075.58231390
2076.35549070
2077.35148281
2078.49114767
2079.54891030
2080.53144862
2081.45630426
2082.45617990
2083.32277238
2084.34495955
2085.50931606
2086.52375313
2087.34994785
2088.34976295
2089.49926944
2090.37655735
2091.51618304
2092.49919230
2093.50221628
2094.51823977
2095.38528092
2096.39847031
2097.42463894
2098.38928751
2099.42784266
2100.49040989
2101.37074329
2102.33365801
2103.34734639
2104.42189285
2105.34365803
2106.45006206
2107.33072452
2108.39589639
2109.48655572
2110.37579450
2111.33358220
2112.37604735
2113.44700815
2114.45016403
2115.31578812
2116.41789141
2117.32909527
2118.32608543
2119.45128673
2120.44975262
2121.45477548
2122.38755910
2123.34446931
2124.41081214
2125.34570229
2126.37399467
2127.43793985
2128.43225664
2129.31576785
2130.35752624
2131.37916772
2132.39966966
2133.41092783
2134.40760686
2135.39869146
2136.38013230
2137.36305598
2138.33939637
2139.36440369
2140.34756040
2141.39089059
2142.39726817
2143.33132114
2144.32013958
2145.35902279
2146.34981238
2147.33441106
2148.35064356
2149.37879226
2150.33740513
2151.31808819
2152.35399443
2153.35141272
2153.33735341
2155.32578318
2156.32084890
2157.34288895
2158.32389747
2159.33782470
2160.34495750
2161.32950647
2162.33312852
2163.32664744
2164.32439497
2165.33168001
2166.32910651
2167.33185606
nan
2278.70668819
2279.70870662
2280.70219521
2281.70355421
2282.70238930
2283.71010101
2284.70268079
2285.71635701
2286.70155753
2287.71391743
2288.68053841
2289.67749378
2290.67989566
2291.70658588
2292.66783804
2293.68946228
2294.67286445
2295.68677348
2296.70947727
2297.71167159
2298.66052083
2299.66487359
2300.65311787
2301.69873466
2302.64823730
2303.69613069
2304.68506010
2305.71407266
2306.67318153
2307.70250075
2308.70313372
2309.67094793
2310.66765860
2311.69012105
2312.70662472
2313.65649833
2314.70418029
2315.62494619
2316.65435771
2317.62369441
2318.59686518
2319.71690440
2320.66397072
2321.66828377
2322.65827812
2323.65288628
2324.59986053
2325.59892946
2326.64666624
2327.62189588
2328.65915247
2329.58828598
2330.69601617
2331.63387907
2332.70038210
2333.65665228
2334.70678979
2335.71290890
2337.62944840
2338.72447248
2339.61880761
2340.65565256
2341.61893457
2342.67890297
2343.60041954
2344.60904931
2345.69547647
2346.56464941
2347.66398743
2348.64829876
2349.64267971
2350.60136195
2351.59144854
2352.65566870
2353.50866047
2354.54954892
2355.64959471
2356.66273741
2357.53290282
2358.52266047
2359.52672005
2360.71672221
2361.60103581
2362.64269268
2363.49204567
2364.57686112
2365.67933287
2366.48504895
2367.48546886
2368.46365553
2369.49112119
2370.58116652
2371.59200497
2372.65184351
2373.49400593
2374.72233171
2375.53031621
2376.65298216
2377.50326680
2378.64999259
2379.60495967
2380.50681368
2381.54136438
2382.44980723
2383.61308404
2384.57910549
2385.62509449
2386.50579001
2387.71793667
2388.53968539
2389.43619074
2390.43273646
2391.67069751
2392.45831086
2393.66459848
2394.42797589
2395.47349333
2396.53068051
2397.42019412
2398.48052428
2399.39078798
2400.53829951
2401.51498564
2402.48016548
2403.52250560
2404.65101462
2405.44551203
2406.48516382
2407.40240869
2408.38711767
2409.56930471
2410.40788110
2411.39201418
2412.62717234
2413.64509827
2414.48885950
2415.45821275
2416.36568974
2417.36912241
2418.39827043
2419.34591161
2420.42926666
2421.52486395
2422.43738127
2423.35062194
2424.49606371
2425.51402563
2426.42274982
2427.52256534
2428.54021751
2429.51251593
2430.37746111
2431.41912824
2432.43641983
2433.36789371
2434.55226480
2435.43771901
2436.35669245
2437.56309905
2438.58336327
2439.49973869
2440.45255581
2441.53189832
2442.30640608
2443.57610381
2444.51930211
2445.40034082
2446.38636068
2447.53888955
2448.34467178
2449.41733162
2450.47149098
2451.47931464
2452.40521229
2453.34764186
2454.44590552
2455.29985893
2456.52396357
2457.32107675
2458.44263506
2459.36087995
2460.41267939
2461.33147176
2462.38427073
2463.33547198
2464.46299978
2465.49329227
2466.46694361
2467.36644790
2468.48803099
2469.48845600
2470.31360731
2471.32806652
2472.37076546
2473.40441075
2474.38270792
2475.46736988
2476.43777222
2477.33786931
2478.44861911
2479.32020291
2480.46804978
2481.41615358
2482.33135623
2483.43950208
2484.42671593
2485.34529595
2486.36877389
2487.33232285
2488.33000441
2489.43116914
2490.30409612
2491.35383517
2492.40125014
2493.34105033
2494.37310032
2495.43234263
2496.39811167
2497.34306459
2498.38259229
2499.31513502
2500.31833565
2501.35764120
2502.36608328
2503.31459951
2504.31432399
2505.32629631
2506.38451948
2507.40092148
2508.33104242
2509.36332928
2510.31401513
2511.38915423
2512.32770740
2513.37843987
2514.33730055
2515.32587862
2516.32988043
2517.34914642
2518.36182495
2518.37310984
2520.31915184
2521.32044000
2522.33131496
2523.32105321
2524.34526630
2525.34648343
2526.32318038
2527.33851074
2528.33187211
2529.33814829
2530.32984006
2531.33283375
2532.32842519
2642.71991196
2643.71169983
2644.71092713
2645.70381576
2646.69863532
2647.71036833
2648.71617931
2649.69326708
2650.68945146
2651.71135856
2652.71330262
2653.70679684
2654.69506521
2655.69545160
2656.70748875
2657.68279817
2658.71740937
2659.70892344
2660.67138642
2661.66924426
2662.69464785
2663.67328523
2664.67361411
2665.66547081
2666.65020322
2667.69706193
2668.70051172
2669.67045053
2670.70359502
2671.68686778
2672.71559211
2673.71693725
2674.71705330
2675.71469264
2676.66087465
2677.63531181
2678.66135627
2679.67108040
2680.60984164
2681.68718103
2682.60115154
2683.65744468
2684.64060381
2685.64071942
2686.64781297
2687.68713624
2688.69554283
2689.70560475
2690.71945318
2691.66851783
2692.60933821
2693.69535898
2694.60626706
2695.58357275
2696.70474847
2697.67177152
2698.69255931
2699.70031969
2700.70980844
2701.55059857
2703.62212208
2704.61627916
2705.69684262
2706.66305518
2707.65591005
2708.57852509
2709.53621957
2710.55862344
2711.55649286
2712.73256630
2713.60030231
2714.54646345
2715.60711510
2716.60938845
2717.68069252
2718.68132665
2719.72450491
2720.61064029
2721.71631308
2722.63442046
2723.67018680
2724.52596649
2725.59992016
2726.56490409
2727.59698872
2728.49023317
2729.63461708
2730.60604016
2731.62375796
2732.71079763
2733.61823164
2734.51851850
2735.64884146
2736.49782935
2737.51508910
2738.73486322
2739.45180764
2740.72646032
2741.55652336
2742.59439534
2743.55861976
2744.60779935
2745.48311373
2746.66195878
2747.42618130
2748.42032280
2749.54142598
2750.63739427
2751.66142783
2752.43635754
2753.46788160
2754.71210234
2755.71359882
2756.67296438
2757.41869880
2758.68803647
2759.66341113
2760.58879359
2761.47792928
2762.44407804
2763.38275458
2764.54163728
2765.57036579
2766.47350142
2767.51911382
2768.46978018
2769.58267306
2770.38115551
2771.46904568
2772.36609080
2773.56505723
2774.60563155
2775.41539989
2776.54772917
2777.51449697
2778.56990707
2779.63477284
2780.34818055
2781.64902203
2782.41131317
2783.33110119
2784.46982370
2785.52119318
2786.38370946
2787.44157832
2788.52914422
2789.32832784
2790.47334973
2791.31957951
2792.56839800
2793.55493256
2794.54281805
2795.32806903
2796.32978470
2797.52592222
2798.32795431
2799.41645328
2800.55677568
2801.55485973
2802.41433969
2803.55282964
2804.56944608
2805.49011202
2806.30973776
2807.32599933
2808.34028175
2809.32018392
2810.39335646
2811.50101937
2812.48454287
2813.43230874
2814.34426664
2815.50520768
2816.47621680
2817.53427515
2818.36853024
2819.44434973
2820.45844428
2821.49536779
2822.36804095
2823.42552592
2824.35554380
2825.37012297
2826.51070143
2827.49111245
2828.32553049
2829.32095552
2830.49328154
2831.36480933
2832.47943608
2833.40842111
2834.46909468
2835.49166682
2836.42641714
2837.31782035
2838.42198205
2839.48702993
2840.41053873
2841.45289207
2842.31652600
2843.34345582
2844.37403393
2845.30853385
2846.34311042
2847.40790396
2848.38565517
2849.44433734
2850.34838193
2851.33551127
2852.37356175
2853.36152294
2854.38752034
2855.44919406
2856.43747448
2857.31940560
2858.31621467
2859.40992902
2860.40092673
2861.31619818
2862.37093865
2863.37991731
2864.33258189
2865.35807850
2866.31276332
2867.32088171
2868.40665661
2869.36684909
2870.32374075
2871.33020274
2872.37758696
2873.36288547
2874.32554400
2875.35251592
2876.36342648
2877.35508348
2878.32233285
2879.37913410
2880.32947468
2881.37279145
2882.33909167
2883.33459142
2883.33671599
2885.35711069
2886.32674658
2887.33374296
2888.35462644
2889.34095505
2890.33578455
2891.32767395
2892.34094987
2893.33439423
2894.33435805
2895.32671435
2896.32402455
2897.32541925
3007.71195953
3008.70820139
3009.71655691
3010.71108610
3011.71599290
3012.71467891
3013.70340137
3014.71495692
3015.71317873
3016.70289335
3017.70283605
3018.70798037
3019.71231634
3020.71232677
3021.68968797
3022.69601155
3023.67596921
3024.70584213
3025.67374019
3026.67107285
3027.68182516
3028.69857672
3029.68130970
3030.71013974
3031.69634819
3032.70419146
3033.71265516
3034.68099596
3035.67604736
3036.70221911
3037.65448114
3038.68341027
3039.63796368
3040.62440915
3041.65206060
3042.67222330
3043.63705330
3044.65804100
3045.69575679
3046.64399817
3047.62230760
3048.60407381
3049.71441748
3050.61651768
3051.64902592
3052.64984644
3053.70885307
3054.58735523
3055.62807034
3056.67047961
3057.58612779
3058.65247409
3059.71761591
3060.72491231
3061.57419720
3062.69506094
3063.67827723
3064.56446975
3065.71582486
3066.55466833
3068.69507394
3069.60136027
3070.69134833
3071.66114397
3072.53677295
3073.56744483
3074.64757966
3075.62164801
3076.71888273
3077.62076030
3078.70962011
3079.60905982
3080.51671294
3081.58675395
3082.72921627
3083.59261626
3084.61590468
3085.55928377
3086.59027386
3087.61573389
3088.65501968
3089.64875978
3090.67984647
3091.67264605
3092.53176123
3093.73341795
3094.69932959
3095.60569788
3096.61599389
3097.70473298
3098.61534318
3099.46365713
3100.49839845
3101.64567514
3102.66283567
3103.61165233
3104.73865474
3105.65197749
3106.68241402
3107.56417220
3108.62292413
3109.65499487
3110.52774795
3111.43490683
3112.65615162
3113.51237709
3114.52654615
3115.45745617
3116.60923329
3117.54725139
3118.49316066
3119.69492255
3120.64188837
3121.65381070
3122.63993478
3123.47589296
3124.45711903
3125.68743842
3126.54389947
3127.39375360
3128.46686950
3129.57101679
3130.47932745
3131.64969555
3132.63651550
3133.57181719
3134.57744789
3135.57939200
3136.57279374
3137.53881805
3138.61048669
3139.62636410
3140.66343152
3141.38702461
3142.49565170
3143.50591384
3144.63447694
3145.47116284
3146.52137803
3147.50040608
3148.53440089
3149.62035067
3150.33822603
3151.51750893
3152.51447864
3153.33281973
3154.31312395
3155.42299815
3156.35097760
3157.32487349
3158.52892425
3159.50196408
3160.51344259
3161.40476054
3162.37040617
3163.42975510
3164.39690353
3165.59146716
3166.35535282
3167.58615617
3168.54908667
3169.32311902
3170.45839030
3171.32965497
3172.55590260
3173.44514055
3174.34840460
3175.33878928
3176.47031974
3177.55366215
3178.44997804
3179.54890563
3180.30093386
3181.40441540
3182.37294759
3183.41449890
3184.45539874
3185.42366297
3186.48108670
3187.40962891
3188.41737195
3189.34511144
3190.39434674
3191.46083126
3192.42615548
3193.46971830
3194.42274669
3195.41532823
3196.37759196
3197.43447579
3198.29821908
3199.47963056
3200.38094539
3201.33191335
3202.34516500
3203.34678208
3204.42719607
3205.30410638
3206.38220434
3207.35788699
3208.32178301
3209.35297030
3210.44748661
3211.38059579
3212.46644850
3213.30265584
3214.31352605
3215.33023853
3216.38830337
3217.43684874
3218.38673868
3219.43673945
3220.38800914
3221.31677911
3222.41729256
3223.31308135
3224.42850727
3225.42308424
3226.38794346
3227.43174589
3228.37280348
3229.36552939
3230.38088646
3231.36944568
3232.34976772
3233.36050842
3234.33578634
3235.40386636
3236.36775813
3237.33342826
3238.37030912
3239.32848260
3240.38606601
3241.31985518
3242.33226095
3243.34222893
3244.32171132
3245.33367010
3246.35230883
3247.36353194
3248.36140947
3248.33746573
3250.33878317
3251.33420856
3252.34290831
3253.32129697
3254.34133580
3255.32367615
3256.33577584
3257.32220271
3258.34256468
3259.32767457
3260.34083717
3261.32945014
3262.33193676
3263.32804371
nan
3373.70916876
3374.71845668
3375.71131998
3376.70605171
3377.71598588
3378.70238806
3379.71204871
3380.70849156
3381.71105169
3382.71475260
3383.70438138
3384.68855747
3385.71341256
3386.70305028
3387.67511081
3388.67767867
3389.70964598
3390.71569222
3391.69408318
3392.67030864
3393.69576952
3394.67881985
3395.67408871
3396.68616450
3397.70080802
3398.70294893
3399.67333025
3400.64177884
3401.63165973
3402.68674055
3403.66174224
3404.64407908
3405.62313298
3406.67294645
3407.69066805
3408.61350481
3409.71588350
3410.69832534
3411.62179196
3412.63678745
3413.62451507
3414.66823409
3415.65604601
3416.63102663
3417.69595342
3418.71432022
3419.68766340
3420.60934477
3421.65323578
3422.68262064
3423.58646692
3424.68485829
3425.58922553
3426.65301113
3427.70167426
3428.56187156
3429.59643632
3430.68616726
3431.61839619
3433.71880122
3434.67986535
3435.58648085
3436.61544453
3437.68324758
3438.60408533
3439.58641598
3440.61593023
3441.58774641
3442.68569845
3443.65326679
3444.68065180
3445.62571454
3446.56639207
3447.52819959
3448.60183550
3449.73136650
3450.54827156
3451.69306579
3452.68308634
3453.64434871
3454.66899664
3455.64202225
3456.66998585
3457.72977581
3458.74126405
3459.48280703
3460.60814772
3461.49833005
3462.62022464
3463.67954086
3464.55999774
3465.66119395
3466.53707765
3467.63694349
3468.53695066
3469.52113180
3470.73608287
3471.58108554
3472.52616795
3473.58426230
3474.72637573
3475.43442916
3476.73713125
3477.54266490
3478.46479016
3479.52726754
3480.50756916
3481.43952088
3482.61642171
3483.55925695
3484.71864134
3485.62348261
3486.67036721
3487.66619531
3488.71620930
3489.64804521
3490.48015944
3491.54849098
3492.43614415
3493.44178164
3494.40439784
3495.63460160
3496.38856372
3497.59489874
3498.59980588
3499.68274166
3500.58893376
3501.45517806
3502.43025364
3503.54051944
3504.36198071
3505.39430347
3506.53042098
3507.61350884
3508.55046746
3509.38639714
3510.60242373
3511.62167690
3512.47323761
3513.44952199
3514.49474512
3515.47209590
3516.45707085
3517.59082846
3518.48458694
3519.39433612
3520.36720543
3521.49990682
3522.34999704
3523.31317004
3524.52114764
3525.52982410
3526.55665427
3527.45035060
3528.57419949
3529.49989670
3530.35888453
3531.34382733
3532.31131446
3533.40837330
3534.46659450
3535.45074491
3536.48920001
3537.42031443
3538.46561948
3539.50616713
3540.37867402
3541.51783861
3542.35456588
3543.54975856
3544.53907167
3545.35088573
3546.43411230
3547.48625521
3548.44049969
3549.32118680
3550.47065257
3551.38828593
3552.30543606
3553.46304095
3554.37185025
3555.41931645
3556.47562467
3557.45799651
3558.49801390
3559.35857952
3560.50324261
3561.39799580
3562.42905241
3563.40220245
3564.33129547
3565.40721811
3566.37035254
3567.36189753
3568.32411480
3569.38622559
3570.44803429
3571.44701688
3572.33401519
3573.47239878
3574.44368024
3575.45692195
3576.33736566
3577.36070800
3578.30882849
3579.31473822
3580.30961230
3581.41084588
3582.35144314
3583.39077626
3584.36792918
3585.34883696
3586.43322537
3587.44114739
3588.33662635
3589.37015819
3590.38626913
3591.39433001
3592.32526616
3593.38699859
3594.31695521
3595.33773740
3596.35423630
3597.34387747
3598.37598942
3599.40246655
3600.37434808
3601.36058037
3602.38215184
3603.36105196
3604.32152822
3605.39144728
3606.36775909
3607.36798451
3608.36473323
3609.38082322
3610.36622827
3611.35308044
3612.37194897
3613.33334525
3614.36079918
3614.34508944
3616.32507525
3617.36149015
3618.35358284
3619.33036645
3620.32575189
3621.34304761
3622.34291738
3623.34770894
3624.32584120
3625.32833537
3626.32561507
3627.33144611
3628.32532796
