t (days)
101.67641592
101.70968951
106.71336830
111.66801721
112.65129877
115.68789326
119.62639231
119.64861720
120.64462599
121.63760101
121.65229262
125.67536197
133.58083607
133.61539081
134.59333115
140.60810856
142.67022011
142.72382843
143.61460521
144.58917255
145.72436859
146.65456833
146.67634964
147.57139914
147.61653573
147.70320959
148.72572655
149.54409090
149.71604711
150.69489592
151.72427390
151.72937241
152.58061551
152.72594992
154.57519085
158.58836650
159.61708756
159.71568158
159.72631699
159.73335234
162.58214856
162.64537509
162.64632965
162.73425550
163.66217353
164.55223334
164.55880518
165.51081487
165.53242605
166.53985388
166.59550879
166.69067191
167.53252594
167.56132910
167.67674904
168.65370306
169.72955777
172.74150878
173.52044569
175.52254566
176.55446696
177.60837512
177.61935974
177.70878206
178.51273567
178.53072400
178.54699463
178.70383022
179.74199968
180.57411969
180.70746444
181.51915924
181.61864637
182.56639537
183.61721778
184.60935660
185.52845444
185.60012805
187.47981578
187.63045465
187.65499681
187.69549742
187.73767477
188.44439681
189.70194291
191.71450983
193.44689446
193.53486441
193.59780340
194.44416201
194.46449099
195.60552650
196.41653200
196.63682336
197.47302580
199.41760504
199.43796777
199.46019295
199.52729952
199.61591884
200.46971309
200.64097561
203.47266556
203.52547273
203.69156334
203.70089684
204.40952488
204.46640078
204.58894050
206.54358792
206.54725766
207.39585030
207.58630923
208.48076140
209.39034078
210.46546132
210.60291092
210.63755292
211.62607618
212.51152861
213.59268181
215.44654690
215.51814560
215.58436403
217.39269190
217.43348402
218.45167501
220.35322241
220.49107031
220.56899665
222.45180103
223.33322330
223.38265971
223.47020014
224.43121839
224.56750825
224.57333145
226.42300016
227.52463192
227.56789987
227.59008649
227.60545689
227.63515735
228.48990423
229.59121451
231.39446262
231.61079419
232.35532170
234.35711717
234.43171019
235.38523983
235.43768802
235.48086274
236.37152407
237.34054831
237.37296951
237.43095094
238.46063932
238.49903298
238.52113579
238.53252492
239.40154122
239.59178495
242.32531292
242.33206170
242.38301693
242.46252973
242.51430317
244.32667114
244.35901149
244.47528583
244.50795364
244.54536767
246.45587460
246.52222767
247.40334671
247.57954208
248.48948066
250.42704372
253.50107660
254.42543647
254.51561022
255.34395159
255.50095000
257.32257244
257.34914509
258.44112998
258.54153415
259.45196339
261.37183084
261.54753694
263.30092375
265.32250779
267.36859818
268.36332186
268.43553182
270.35795675
271.32520845
272.37725609
272.40832450
273.43390238
274.34813188
274.38134495
274.50653812
275.40265553
275.42090645
275.48689551
276.31848094
276.42420016
277.43097452
279.34026506
279.41024832
279.41217976
279.42580895
280.36104660
281.32830227
282.32027613
283.41035175
286.34029945
286.46801809
287.37305174
289.44678189
291.36718180
291.42858763
291.43534643
292.42028557
295.31689507
296.31181597
296.36463331
297.43847282
299.40393365
299.43980334
304.36826947
304.37312217
304.41207925
304.41370945
305.31530736
305.34488543
309.40513159
310.40129334
315.36642871
316.38022230
317.34020248
323.34297220
323.36852105
326.32830794
327.34066328
329.36591867
331.34818210
332.33616190
342.32760237
452.71802678
459.71172205
471.65976419
471.68958627
474.65399835
476.66623355
476.69009793
480.64291051
480.66123572
480.71053682
481.67013906
482.62810031
482.64048155
482.66033117
483.67183976
484.71059032
491.62005565
491.67463537
495.72009834
496.60088635
501.59219513
502.66202262
503.70700366
504.64662380
506.69806787
507.56682866
507.59819525
507.60960384
510.59487989
511.60774453
512.59195065
512.60140284
512.66234670
514.61958206
515.55832610
515.60178780
515.62431339
515.69693010
516.73144302
517.58138661
518.56859044
518.69503699
520.61425149
521.52669799
523.66684800
524.54335613
526.52662243
526.58533890
526.72679068
527.58643705
527.65616112
528.55466755
528.71383868
529.64478175
530.57348730
530.64992774
531.64161311
531.72793065
533.58533117
533.70834806
533.71273387
534.66212338
535.57776399
535.58844782
536.70735591
536.72151717
537.48408508
537.54766636
539.48167130
541.69195356
542.57830944
542.66508662
542.73694292
543.52608331
544.53878122
544.54717628
544.55140317
545.63957427
546.59901749
546.69027941
546.70838866
547.45046976
547.57650762
547.62623117
547.65767634
548.49354191
548.62282609
549.49863303
549.61432804
549.66376364
549.71232030
550.49187957
550.66984814
550.70816522
551.58502739
551.66782001
552.52724373
552.58171262
553.51595205
553.65964809
554.42772722
554.72477730
556.48047063
557.42416581
557.45305866
557.46354468
557.55850321
557.58407626
558.62776570
560.48631102
560.48762295
561.50271244
561.63209332
561.72052272
563.72073539
564.54665266
564.57046932
564.58624636
564.58963968
566.59634903
568.53349963
568.64546398
570.39919730
570.52489227
570.69969389
571.59301769
572.45126047
573.60670446
573.63453435
573.65720304
574.41844810
574.46452482
574.66312523
575.68081389
576.49805509
576.56738305
577.65314553
577.67351852
578.57557868
578.60679854
579.55658100
580.42661832
580.64443391
581.54456311
581.59254738
582.40038402
582.40374381
582.45387244
582.46345451
582.59990091
582.64542331
583.43748388
583.50563055
583.60015274
583.63754577
584.40671865
584.58988836
587.45933806
587.53123754
589.55456702
589.59984536
592.63767205
593.41495452
593.56711311
594.37768046
595.57399621
596.51772551
597.31280684
599.35007558
599.55621872
601.45896044
601.52187682
602.32160763
602.46239872
604.38215446
605.52667681
606.50517490
606.56218045
607.32526811
608.40768879
608.50820131
608.52677851
608.53763833
609.48601237
610.43066679
610.52422137
610.57729164
612.40294406
612.42837443
612.52428177
612.55169599
613.37458639
613.49387832
614.57901928
615.43387852
615.46206017
616.37365610
616.51317734
617.43215923
618.47713711
619.47827194
619.48295996
619.49920914
620.30710922
620.34498266
622.51437199
623.41983533
625.30003689
625.41646170
625.54389856
627.50306346
628.34120117
631.32976487
632.38484921
632.51459720
633.45429545
634.35568377
636.41638056
636.51860376
637.37950044
640.39542293
641.30765435
642.33824609
645.45230513
646.33189211
647.35407823
648.34980883
648.36276442
648.45068215
649.34616013
649.37215735
650.34261905
650.40883198
654.31467293
654.40146161
656.44536705
659.34827494
660.40385045
662.35741407
662.40854367
662.45005965
664.30385230
666.36138283
667.34981415
667.42988303
669.40788829
671.34854163
672.38891247
675.35257084
687.34110858
687.35457232
690.35018412
691.33801271
693.33681811
822.70795232
822.71512551
829.68044486
831.67758120
834.66458103
834.70288774
841.71021769
841.71535891
842.64955537
842.67853335
847.67147277
848.66532706
848.70500750
850.71161014
853.70942931
854.70453899
855.66145179
856.65634413
858.71570434
858.72200359
859.70412705
860.60657057
860.63514310
861.62048331
861.71970204
862.68791447
863.64437694
864.65976731
864.69437161
868.70393269
870.57331839
870.62231079
870.62915489
872.72411274
873.58354343
874.70027967
874.72778678
875.55802644
875.60217877
876.54644886
876.61172635
878.54232133
879.56917286
879.64650716
879.71125368
881.69332733
882.57837229
882.63953683
883.58599022
885.69929621
886.58419096
888.63340750
890.51307634
890.59859249
890.61015571
891.71595753
891.72480929
892.56847819
892.60226457
893.54002627
895.66671228
896.61357698
897.54859698
898.70613662
899.64007937
899.72499865
900.55397189
900.61865120
900.68303845
901.58081204
901.66411002
901.68947716
902.61014019
903.69341169
904.49231268
904.52797182
905.51052028
905.51172860
907.47013765
907.72840656
908.46756331
908.59548617
909.46274365
909.55153432
909.55521234
910.58590236
911.51354236
911.71768952
914.52252655
915.66573747
915.71068192
916.46298108
916.55531949
917.49747684
917.63089348
917.68923548
917.74626738
918.62967342
918.68165225
919.44266485
919.63745647
919.66171410
919.67347852
921.53530292
921.71966023
922.44212852
922.49695375
922.54457434
922.64131383
923.46492591
924.44961510
924.59844679
924.67169838
925.43912559
925.45371518
925.63158583
925.68994897
927.64126449
927.70953100
928.43995820
929.46716226
929.63852385
931.45486310
932.59012050
934.39524465
934.41299403
934.56288419
935.50467501
937.38341946
937.60990422
937.69155918
938.46873144
938.62781371
939.41916078
939.44429701
940.40778803
940.61760310
940.65226893
941.68755832
942.42042876
943.39509468
943.49226697
943.65356563
944.54508880
944.58189817
945.47810366
946.41725313
947.49564025
949.39906518
950.45401608
950.46570188
951.57157333
952.40065516
953.44251915
954.54054598
954.61284714
955.34595414
955.57974114
956.36102272
956.44350062
956.45815499
957.33457263
958.37206357
960.56046784
961.32835679
962.52809961
962.59110115
966.59425349
967.32623801
967.38055961
969.38677012
969.53546248
970.41123739
972.39353612
972.55159711
975.57225132
975.59302463
976.42427081
977.41109125
977.46188442
977.46396709
978.36876920
978.48260508
978.51828332
978.52687018
979.40489026
980.51157060
981.33651199
981.55735392
983.37643050
983.52234588
984.32914274
984.35386701
984.56223722
985.35892862
985.47834148
986.44840747
988.30058524
988.52854324
989.35915002
990.35488476
990.46440082
992.47472281
994.37752896
994.46926328
996.32359019
996.43996018
997.46835090
997.49082227
998.37912092
998.48048044
1000.30133054
1001.37094482
1001.43644989
1002.51921811
1003.46848368
1004.41675878
1004.44054348
1004.46698340
1004.47186690
1004.50813030
1005.51392355
1006.36795247
1007.31297272
1007.45772126
1008.39161799
1009.46813187
1010.35025839
1010.44404063
1011.43659963
1013.43146951
1014.33156384
1014.35864029
1015.33844982
1015.36763350
1015.46738691
1019.32438600
1019.32983323
1019.38189554
1020.35879928
1024.31289046
1025.40817867
1026.30929534
1032.34299623
1036.30765705
1036.35198679
1037.37752107
1040.34929434
1045.36377535
1047.35732531
1047.35778354
1053.31872855
1056.35930039
1181.71276223
1184.70810102
1185.71140142
1188.71185444
1192.71280099
1194.70608922
1198.68762192
1199.69751543
1203.67393917
1212.65188812
1214.67648378
1215.70363313
1217.67125417
1218.63231441
1218.68772106
1221.62451785
1223.71672016
1225.63631535
1227.61419854
1229.62497418
1235.62994195
1235.65645264
1236.58441230
1238.64803696
1239.70798357
1240.61273431
1243.64355417
1244.70003460
1244.70462506
1246.64896568
1248.58132321
1248.71036323
1248.72298909
1249.71475506
1250.56830769
1250.61168385
1250.66605523
1251.52639232
1251.54712138
1251.56884904
1251.64429788
1252.53233712
1252.54215179
1252.69377029
1252.70035316
1253.62216806
1253.68342922
1253.71986767
1254.61695386
1255.61839498
1255.72031835
1257.72161490
1258.51156305
1258.58084861
1259.56150525
1259.63960722
1259.64333223
1259.68098384
1260.69258396
1261.70848417
1261.73131224
1262.59721607
1262.62850865
1262.63655451
1263.66235281
1264.49631645
1268.71230561
1268.72234432
1269.52842284
1269.63986692
1270.62508166
1271.51140771
1271.51163748
1272.59464528
1274.49760083
1275.60336019
1275.65854892
1275.68489962
1276.52959197
1278.46431309
1278.50303693
1279.44744749
1279.57036773
1279.65497158
1280.63344277
1280.67224614
1280.67491883
1281.45192702
1281.73420994
1282.48591811
1282.49454029
1282.53292732
1282.54442019
1282.66849466
1282.70138178
1283.44371039
1283.46089925
1285.43158366
1285.45879560
1285.68872736
1285.70396901
1286.49075546
1286.69525527
1287.59610621
1288.44406313
1288.46827410
1288.59557654
1288.61409885
1288.62497149
1289.44989483
1290.52351919
1290.64075056
1291.50778700
1293.45372833
1295.62313971
1295.63417722
1297.49647156
1297.53986155
1297.56099649
1297.62503718
1298.57710846
1299.39069344
1299.47581052
1300.38540541
1300.42279630
1300.53785924
1301.58337763
1303.39551062
1303.68220295
1304.45572215
1304.58558457
1304.66469680
1307.40737347
1307.46190840
1307.51725953
1308.41257239
1308.57757849
1308.58845606
1309.42650543
1309.43634318
1309.49086670
1309.65306302
1311.40658090
1311.45853189
1311.49116607
1312.36987202
1313.44608446
1313.66473648
1314.38621289
1314.43478029
1314.45200032
1314.63430829
1315.43964515
1315.53263363
1316.34947014
1316.49475566
1316.60558763
1317.56280991
1318.62286339
1318.63040034
1319.45794803
1319.54583202
1320.42188666
1321.53964133
1321.55602974
1322.36042109
1322.37195425
1322.39721513
1322.57894303
1323.53464315
1323.61446963
1324.34349170
1325.31847541
1326.33400665
1326.48199642
1328.57590687
1328.58484237
1329.60346158
1329.62428612
1330.38726867
1332.32212272
1334.34323924
1334.37614344
1334.52894870
1335.38154723
1335.51457929
1337.54806883
1337.56319487
1338.34671777
1338.39190688
1338.42544850
1338.46218685
1339.32161969
1339.32496783
1339.41169269
1339.48911754
1340.34663204
1340.52734474
1341.38110434
1341.48007378
1342.31425564
1342.40627117
1342.42127820
1342.58515482
1344.49253855
1345.47449810
1347.32533902
1347.42385779
1347.46485166
1347.53086412
1347.55129757
1348.31286585
1348.52656946
1348.53717674
1349.42363215
1349.44113940
1350.31118004
1350.31786386
1351.33563984
1351.47222951
1352.37370845
1352.50002069
1353.52408690
1353.55794364
1354.43947867
1355.34436993
1355.42765336
1355.51164925
1357.35770919
1357.45510676
1357.54262965
1358.39715383
1358.44371805
1360.41072829
1361.32515641
1361.42302451
1362.34575255
1362.41762573
1362.47945071
1364.48387860
1364.53075719
1365.33857345
1365.40965023
1365.43410171
1366.51768411
1367.30445998
1367.41017294
1368.49025320
1372.35528732
1372.50848277
1374.42147963
1376.48460928
1378.44135768
1379.30184629
1380.33228523
1382.31388133
1382.32095311
1383.34059937
1385.34351400
1385.44013448
1386.31712185
1389.35206855
1390.45308224
1391.39673660
1393.37826705
1397.34291437
1398.31575625
1399.39561989
1400.37919948
1400.40764408
1406.39707957
1410.38355793
1411.36781214
1414.36607112
1421.32289024
1425.33304013
1425.33605419
1426.33979693
1430.34365064
1437.32707182
1553.70831278
1558.68941229
1559.68629669
1561.67633291
1565.67622148
1566.70711337
1568.66313225
1568.66868935
1568.70341594
1574.63961542
1580.71654789
1581.61661248
1582.69170036
1584.61512628
1584.64329547
1584.66018537
1586.63816512
1586.68695462
1586.69749041
1587.60586478
1588.62544141
1591.61279895
1592.58708772
1594.60862658
1597.69195715
1599.60701206
1602.58099570
1602.59286846
1602.67285991
1603.63484666
1604.61865289
1604.62101651
1605.67194393
1606.54689895
1606.71634330
1606.71650655
1608.62986383
1609.62802533
1611.58459227
1611.67442957
1612.56512905
1614.55280294
1614.69851065
1616.54734319
1616.72479610
1618.62994929
1618.63538710
1618.70564137
1619.60031990
1620.58467355
1621.60000195
1622.53877334
1624.61825537
1624.70770632
1626.53526851
1626.61749707
1626.66097299
1626.69223324
1626.70634060
1627.72705704
1629.73759374
1631.55024920
1631.55070864
1631.69930361
1632.54285533
1634.61096566
1635.52819324
1636.68231523
1637.50528108
1638.46943595
1638.57182382
1638.74233860
1639.72665552
1641.61700368
1642.50326832
1642.52432331
1642.67896944
1642.68125881
1643.64394384
1643.65921194
1644.59697488
1644.62643717
1645.46871937
1645.58850437
1645.72598247
1647.57067836
1647.59853546
1648.53175261
1648.55026938
1649.43706702
1651.44357895
1651.66416789
1653.46992070
1653.65349659
1654.60769086
1654.65090828
1655.64932830
1656.51176970
1656.55622956
1658.41807244
1658.45815073
1658.61287998
1658.71210797
1659.51749322
1661.49851381
1661.59158726
1662.46640234
1663.63320297
1665.61695763
1668.50800779
1668.69604818
1669.67820254
1670.62931014
1672.44184810
1672.62138056
1672.62281882
1673.67319257
1674.65422615
1675.45165022
1675.53363638
1676.47390821
1677.56107851
1677.61514151
1677.66671561
1679.43425756
1680.35404883
1681.56963699
1682.35259424
1682.45782292
1684.40603004
1684.63074624
1684.64782368
1685.39310493
1686.49972970
1686.58416414
1687.33192757
1687.36269641
1687.49326916
1687.57015105
1687.61339275
1688.32640478
1688.51317647
1689.57102962
1689.58721239
1690.59622515
1690.62904863
1691.36661679
1691.55257985
1691.60605824
1692.44715315
1692.51987458
1693.51292347
1693.55507524
1693.56740152
1694.31860883
1694.35718952
1694.41884606
1694.46058269
1696.61228136
1697.40073025
1697.49018599
1697.53758874
1699.32509000
1699.33225053
1701.30838895
1701.40882525
1701.41421525
1701.52107769
1701.54769276
1702.50864602
1703.40299068
1704.34400193
1704.36000377
1705.53406215
1706.32867107
1706.37238771
1707.37296118
1707.47920667
1708.31287787
1708.49825102
1708.50506607
1710.48805264
1711.50868821
1712.55312659
1713.32573300
1713.35914116
1715.39076259
1716.50654191
1718.43140008
1718.47063091
1718.50143363
1721.45292004
1722.36679461
1724.32687173
1724.33026603
1725.37810456
1725.41015475
1725.41920764
1725.42806840
1727.33700865
1727.38364268
1727.40809504
1729.33215196
1729.51174186
1730.31943544
1730.46561603
1730.46732445
1731.42957945
1733.37916691
1736.37023987
1736.49059172
1737.48763799
1741.31867352
1741.42280695
1741.42295793
1742.48384708
1743.31443867
1744.32514515
1744.34687747
1746.35657910
1746.45465334
1750.39199436
1752.31373136
1752.42972505
1752.45193683
1755.37021757
1756.38989887
1756.40573925
1756.43268985
1757.31253008
1757.42454444
1760.37377485
1761.35483448
1761.36792513
1763.32455160
1766.36364376
1769.37274303
1769.40242279
1771.31193323
1771.32264591
1795.34479586
1799.33973459
1922.70221224
1929.66603078
1930.69654320
1935.65224923
1940.71143279
1941.62949514
1943.63382824
1944.63388565
1949.71946744
1950.67920522
1951.65629805
1954.62059821
1956.68004200
1957.71421541
1958.62433847
1962.58971971
1963.70087119
1964.57557102
1965.63942468
1965.64535740
1967.63512081
1968.58724382
1969.56251932
1970.59703925
1971.64559301
1971.70627538
1971.71831791
1972.71620700
1973.61231171
1974.64683838
1974.72858723
1976.57115488
1976.68688029
1977.56913923
1977.59253995
1977.59398413
1979.70493134
1980.58622590
1980.67498120
1981.56574329
1982.69538316
1983.55349668
1984.73625599
1985.72422857
1986.54627969
1986.61324106
1987.51473763
1987.71735678
1988.61909053
1989.53485065
1989.55134358
1990.59230976
1991.59160650
1992.58311422
1992.63023496
1992.71702465
1993.63664566
1993.66737906
1994.63801074
1995.59345124
1995.59749009
1996.53391315
1996.60528761
1997.57321423
1998.51426268
1998.63803561
2000.60597227
2001.54365978
2001.69899612
2002.47223506
2002.54641219
2002.61621036
2002.72958440
2003.51694164
2003.53019467
2003.53451153
2004.45828367
2004.63803980
2005.48649731
2005.53810011
2006.46856942
2006.51039213
2006.60158005
2007.48800619
2007.50343079
2008.46797745
2009.49607619
2010.49124693
2011.43815263
2012.61848988
2012.63522978
2014.60110047
2015.43337180
2015.56371020
2015.74342897
2016.56840817
2017.43665425
2017.46741463
2018.53191792
2018.57373941
2020.59392712
2020.62978917
2023.69138747
2023.72516210
2024.46673417
2025.53202498
2026.71107522
2027.59428803
2029.43093721
2030.49497951
2030.53336016
2030.65078548
2031.49217358
2031.60262726
2031.68673654
2032.39354802
2035.44804001
2035.61365076
2036.43031138
2037.48955369
2037.60136238
2037.66524166
2038.38235917
2038.46654398
2039.67943319
2040.45980057
2040.56043648
2040.57087068
2040.59863403
2041.35769235
2041.49651286
2041.61429405
2042.65296016
2043.36139714
2043.59111679
2044.41403250
2045.46451524
2046.60434098
2046.62197628
2047.34892860
2047.56419231
2047.62839184
2048.48967253
2050.48692975
2050.63128015
2051.41360080
2051.59851701
2054.42197883
2054.46572675
2054.53421540
2055.58096763
2056.59291523
2058.31365467
2058.34521752
2058.38439973
2058.40451168
2058.55913861
2059.33190972
2060.37621135
2060.51830223
2061.33589569
2061.40270431
2061.44046682
2061.55689369
2062.42141561
2063.52302875
2063.58288830
2064.43199360
2065.44073860
2065.49885269
2066.36363440
2066.38645347
2067.57133158
2069.47883649
2069.56284428
2070.37218650
2070.59248191
2070.59507032
2071.36763214
2071.49254444
2071.54020634
2072.32334153
2072.33709659
2073.40599575
2074.54088883
2075.41661874
2075.47463690
2076.41566191
2077.56779370
2078.36751319
2078.44430710
2079.50540995
2080.33702643
2081.49391709
2082.36945694
2082.46364025
2083.48127599
2084.49970837
2085.42919603
2086.44530267
2087.37260745
2087.46994811
2088.43089186
2088.44311512
2088.51957068
2089.31658620
2089.40662786
2090.30547758
2092.30328518
2092.33489255
2093.31547419
2094.31833958
2096.39794400
2097.42101388
2099.31706609
2099.32265198
2100.33917882
2101.40339036
2101.45004006
2101.47448199
2103.32345535
2103.39443297
2103.42730630
2106.49219775
2107.40669408
2108.39165586
2114.30478125
2114.41784868
2118.39150832
2121.34673463
2121.41052743
2122.32141039
2124.40357210
2125.38998507
2130.34316127
2130.40580059
2131.34279513
2132.42791036
2139.38510334
2139.39049721
2141.33416398
2141.37783085
2141.38681829
2145.31923589
2149.32848727
2150.35624164
2152.32413232
2153.35788218
2154.35534633
2282.69907205
2286.68853990
2296.67584590
2297.65767005
2303.71317590
2308.65460680
2308.67800094
2309.69540801
2311.63267894
2311.68146977
2313.61816161
2313.65096149
2313.69185336
2314.61893246
2322.60257022
2323.71690356
2326.70748467
2329.59211683
2329.62776996
2330.60052834
2332.71085297
2333.60405827
2333.60909966
2333.65833564
2333.67193661
2335.62734050
2337.67184286
2337.71455515
2338.63694139
2340.56671774
2342.65514289
2343.54538370
2343.61334512
2343.64453869
2345.52450090
2345.62603116
2346.57058606
2348.55382369
2348.59452653
2348.63997817
2348.69613241
2349.68181487
2351.58249626
2351.65353104
2352.51807683
2352.59569902
2352.60895378
2354.60251952
2355.61292817
2356.53759149
2356.58073670
2356.60528596
2356.68604760
2358.60746037
2358.72769328
2359.49307956
2360.70793808
2361.52532303
2362.49604209
2362.51693827
2362.55649140
2362.71092592
2363.54997803
2363.58542592
2366.49364502
2367.47631534
2367.67269489
2368.63298668
2368.74092559
2369.61205526
2370.50997095
2372.54040447
2372.61876241
2373.45953315
2374.46046120
2375.59135978
2376.50735165
2376.52058016
2376.54042336
2377.47213094
2377.70767605
2378.47298871
2378.53280801
2379.51979046
2380.64539551
2380.69935162
2382.70255934
2383.64440915
2384.43726304
2384.69423715
2385.42147755
2385.72497065
2386.47327978
2387.46675042
2387.65104657
2388.71703299
2390.63440184
2391.42228341
2391.45098797
2391.56833297
2391.71176585
2392.42093972
2392.58666264
2393.41107506
2393.49883177
2393.55973446
2393.66410056
2394.45197627
2394.50099784
2395.44731698
2395.59137275
2395.65210677
2395.66729669
2396.38775024
2396.47407592
2396.52765216
2396.59346554
2397.49163394
2397.55146446
2398.61987809
2399.53710202
2399.69095495
2400.43243019
2400.63916454
2401.45827824
2402.48004446
2402.49273576
2402.57176201
2402.67329350
2403.36775519
2404.59432681
2404.62197353
2405.47331380
2406.40228475
2406.52389823
2407.62074179
2408.41939367
2408.51127171
2408.62164845
2410.38869625
2410.43154307
2410.48052916
2410.66606065
2411.52499795
2411.62392560
2412.41904733
2412.64690520
2415.36777285
2415.46348405
2416.46137771
2417.56428100
2417.64453486
2419.44506879
2421.52126503
2422.33087227
2422.42668784
2422.52217159
2422.60326342
2424.44679518
2424.45511561
2425.40119458
2425.43635745
2426.61492176
2429.32227266
2430.48656097
2430.51381586
2431.43293438
2431.56996467
2432.41948659
2432.43553548
2432.59187714
2434.48238855
2435.42158570
2437.37900211
2437.48600546
2437.51206032
2437.53267714
2438.46198306
2439.42552320
2439.47654912
2439.53579225
2440.54213302
2442.47219819
2444.55924315
2446.37428179
2448.46471435
2450.35241862
2450.40617292
2451.30827633
2451.51472835
2452.31771205
2454.37249777
2454.51372077
2457.30852066
2458.39966274
2458.48457372
2459.36455041
2460.40042643
2460.40630102
2461.52143692
2462.50527632
2462.52530095
2465.36781557
2466.39750041
2466.50993634
2467.35153096
2467.44762683
2468.36490919
2469.35472870
2471.48386216
2472.41490164
2472.44356476
2473.35583306
2473.44291256
2474.34622196
2474.38443932
2474.47799000
2474.49116810
2475.42485252
2476.34352886
2476.46183731
2477.36255177
2477.36714101
2478.32956403
2478.43976510
2483.33702534
2483.44277006
2484.41417703
2485.40953365
2486.38972448
2487.35113660
2488.44874420
2489.32529272
2490.34072774
2493.31233204
2493.32032890
2494.32184341
2498.36369113
2498.36548594
2500.33942239
2500.40700580
2500.41927130
2503.39675127
2505.31012291
2505.39444157
2505.40445225
2506.34215607
2506.36516711
2510.33045278
2513.36413431
2515.31902284
2527.34818910
2644.70932893
2650.69691033
2654.68409854
2655.68441396
2656.67674983
2658.69735331
2659.68155488
2660.66341155
2662.69366613
2663.66376058
2666.67351857
2667.68259317
2668.66116346
2669.66439071
2671.66967116
2674.71790636
2676.64364599
2680.65263533
2683.67843210
2683.68764511
2685.61381699
2685.64298766
2686.62402407
2686.65350597
2686.68625636
2687.64770138
2692.66421887
2694.71297547
2695.65887429
2698.56354554
2698.60115634
2698.60965451
2700.56675814
2705.67559221
2707.53208610
2707.63283336
2708.58546682
2708.66942461
2709.61096343
2710.56212535
2711.52907293
2711.58987063
2712.53673471
2712.58573565
2713.51998241
2714.70804154
2716.61244670
2720.63795326
2722.51276415
2722.67463061
2723.68895552
2724.53072241
2725.50664470
2725.69294828
2728.60517668
2728.64142435
2728.64837090
2729.70875151
2731.49599328
2731.69464282
2731.69701448
2732.54941548
2732.61488047
2734.59353748
2734.68976784
2735.47103504
2736.68372587
2738.48860305
2738.59302819
2739.59330156
2741.47371607
2741.54244603
2741.59725913
2742.64705576
2743.47217378
2743.48826975
2744.46634236
2744.69147589
2745.73250416
2745.73781395
2746.52529424
2746.59988049
2746.67368878
2746.71228342
2746.73282007
2747.57196144
2748.48026797
2748.62638636
2748.66676048
2748.68195612
2749.58798564
2749.63598932
2753.50286084
2753.71519085
2754.40763885
2754.55048411
2755.54922396
2755.64409641
2756.41700405
2756.49771580
2758.44551186
2758.62648719
2759.53180159
2760.39751495
2760.41486507
2760.44119882
2760.58140608
2761.49489282
2762.40954096
2762.42517340
2762.59758610
2762.67900417
2763.38344539
2763.40553292
2763.62659358
2764.41672884
2765.37584215
2766.40698304
2766.43197937
2767.37819552
2767.38974112
2767.48276368
2769.45268230
2769.53409668
2769.55011954
2769.61096472
2769.64566424
2770.62097318
2770.62548680
2770.66336006
2772.37029445
2774.55064714
2774.58930836
2775.40618198
2775.58666270
2777.35215439
2777.61600049
2778.36379365
2778.45330312
2778.54113342
2780.35150051
2780.44736829
2781.35689943
2783.50325417
2784.33161309
2784.47170261
2784.52843672
2784.56952167
2785.32902523
2785.35349505
2785.49592593
2785.59699459
2785.61486935
2786.40687562
2786.57826777
2786.59020917
2787.32339732
2788.39772431
2788.49202004
2789.52397825
2789.62204397
2790.35508603
2790.38846029
2790.48461375
2790.58057436
2791.42463425
2792.53708692
2792.55270174
2792.59228045
2793.32880925
2793.41041976
2794.37793506
2794.50161188
2794.54503219
2795.55198411
2795.58442726
2796.31572626
2796.48609061
2797.33822456
2800.48091139
2802.39266716
2802.48210546
2805.32518347
2805.37161421
2805.42603876
2805.57114493
2806.49994112
2808.42641938
2809.30518299
2809.32490342
2810.34698660
2810.48246784
2811.41449542
2811.43605685
2812.39122987
2813.30491622
2814.37331900
2814.47121667
2815.54206437
2816.38985169
2816.54602049
2817.37783973
2817.50844781
2818.46281581
2819.30013324
2819.37183504
2820.40991716
2820.49678056
2820.51273064
2821.43529006
2822.33963217
2825.36369285
2825.51566316
2826.36659639
2828.36131373
2828.45889360
2829.39392525
2829.44060829
2830.37981577
2830.48647144
2830.51520856
2831.49202838
2835.40267669
2835.48173817
2836.37065248
2836.45536450
2837.33663329
2838.30832719
2839.42174323
2841.41690271
2842.47512178
2843.43907353
2844.46626589
2845.31843721
2846.41863954
2846.42564833
2846.43140826
2847.42925728
2848.39557909
2849.33461830
2849.34894441
2849.39018360
2849.45813711
2850.44081393
2851.45528632
2854.37093077
2855.34497212
2855.42857141
2856.30885150
2858.32223963
2861.41557033
2862.36350458
2864.34919645
2866.38266763
2869.37626212
2871.38802626
2873.32585462
2875.38775125
2878.31641429
2884.36357623
2884.36464450
2887.32735766
3015.70106142
3015.70797202
3019.71090892
3026.67227243
3033.64445072
3039.69729116
3042.69788643
3047.68454187
3049.66884459
3053.60481624
3054.62658343
3057.65761548
3059.61815898
3059.70003885
3061.63774394
3062.67299800
3063.58215826
3066.66508362
3067.62936542
3068.55616090
3068.71683600
3069.67869580
3070.54373021
3070.58696999
3070.60724325
3071.64655508
3072.60231637
3072.63162765
3073.65538622
3074.63859398
3074.68805818
3075.61351822
3077.53181043
3077.69811869
3081.70759603
3084.67135985
3085.59092999
3085.62777795
3085.67840087
3086.64643118
3087.59034206
3088.53650447
3088.65270319
3090.53024631
3090.67774294
3091.53117338
3092.55229173
3092.56421119
3092.60279581
3094.51475426
3094.65465488
3094.69052824
3095.57254128
3095.66500101
3096.50811945
3096.56117123
3096.58097947
3097.57937533
3097.70285191
3098.55056971
3098.56716148
3099.50211817
3100.49313241
3100.57996491
3101.51239014
3101.52343605
3101.69719129
3101.71789595
3102.49407234
3104.61595700
3104.70518109
3105.60089706
3105.60910267
3105.62803765
3105.66307809
3106.57404958
3106.60875842
3107.58268493
3107.60335207
3107.64388140
3108.48733535
3110.49378238
3110.61590294
3111.45825001
3111.50995456
3111.51036294
3113.45796288
3113.53095686
3113.60818189
3114.53465171
3114.56545121
3114.68299917
3114.70450121
3114.73532170
3115.69257547
3116.47336250
3116.53253290
3116.65540387
3116.69371194
3116.72069343
3118.45663503
3119.40691397
3119.49058060
3119.59211828
3119.60281202
3120.45994394
3120.61310308
3121.68856637
3122.49642398
3122.50354026
3123.46812634
3123.51773378
3123.55556754
3125.47825816
3125.61208367
3125.67740605
3126.66133575
3129.44773550
3130.43912792
3130.44885899
3130.45371680
3130.66984830
3131.45407694
3133.44451029
3135.51650318
3135.53247986
3135.55485114
3135.62592296
3137.54453677
3138.50086076
3138.58784906
3138.62364888
3139.48360012
3141.38527615
3142.56624431
3143.37403844
3143.43810213
3143.44159959
3143.60831905
3144.42432558
3144.43098913
3145.55366482
3146.41739138
3146.42940940
3146.48569679
3148.32682822
3148.57940062
3150.32154361
3150.43157805
3151.36213867
3152.47063934
3153.41465148
3154.35396207
3154.42305093
3154.60682172
3155.44734884
3155.56658885
3157.57321987
3158.52571742
3159.57508316
3160.45343649
3160.45552156
3160.46967600
3161.47273486
3162.46714688
3163.52197138
3165.31562631
3166.47076437
3167.32998947
3167.34852711
3167.48518346
3167.52643976
3168.32012230
3168.34562253
3168.52373336
3168.55060228
3169.31085221
3169.31595775
3169.40441835
3169.58573740
3170.35959716
3170.50457337
3171.30571371
3171.31003824
3171.41233813
3172.35625381
3172.38952960
3174.31236886
3174.33819784
3174.38125963
3175.30335004
3175.34225297
3177.42661782
3177.49294176
3178.32490285
3178.33130809
3178.35266627
3179.34473190
3179.43262508
3181.30565169
3181.45131136
3182.31668402
3182.32169414
3182.48642349
3182.52415666
3183.37456709
3184.36642877
3184.37719960
3185.44891068
3186.53052548
3188.34532158
3189.36568039
3189.48438703
3190.46169129
3190.49496108
3192.38493765
3192.41458927
3192.41538334
3192.45288964
3192.50412915
3193.50286641
3193.51635940
3195.32015382
3195.32548637
3197.41406163
3203.39553665
3204.43483206
3205.31054169
3206.32015443
3207.46215492
3208.38643446
3209.30666303
3209.42364402
3211.37898831
3211.42375304
3212.41844628
3213.30057637
3213.34214791
3216.35382915
3217.31894130
3217.35207671
3217.41001773
3218.33967019
3218.36264331
3218.44702177
3219.42799044
3220.31370077
3223.42419304
3224.35941219
3224.42925830
3226.38989554
3227.41864880
3228.34480920
3229.41932969
3232.31401046
3232.33433611
3233.32919507
3239.31315248
3239.36228500
3239.36720608
3239.39218455
3241.32128598
3243.37487365
3252.33287740
3260.33397153
3372.71975832
3380.70132349
3383.70484199
3393.71546236
3397.69559422
3399.68518936
3400.66698219
3401.68121168
3410.63270563
3415.67904396
3417.61167253
3417.66631338
3420.65083512
3421.63300684
3421.64808060
3422.64296274
3424.62761723
3426.64251203
3426.69743845
3428.58868219
3428.60393991
3428.61119738
3429.67112357
3434.57475877
3434.57894485
3436.71035023
3437.60461139
3438.54452098
3439.56039214
3439.68850260
3439.71324010
3440.58746259
3446.69888892
3447.58290269
3447.66076835
3448.53264814
3448.54849431
3448.62255331
3451.50347679
3452.63014994
3453.57383981
3454.60377833
3455.48837659
3455.65267389
3456.57364351
3456.60397324
3461.55885256
3461.56146518
3461.61630392
3461.63279908
3461.63491808
3462.49409579
3464.57998197
3465.46423696
3465.67412753
3465.71126525
3466.47315812
3466.61711714
3466.64371349
3466.71308726
3467.55495755
3468.46792142
3468.55251518
3469.68996622
3471.66318718
3473.53816029
3473.68567145
3474.58888972
3474.64922547
3474.68686175
3475.60627638
3477.55568448
3477.57865484
3478.56912074
3478.58723475
3478.68223692
3480.50516261
3482.41827680
3482.44339063
3482.60481304
3483.53953126
3483.54433913
3483.65692364
3483.67031927
3484.66214956
3484.70206184
3485.47539912
3486.47098352
3486.50303496
3487.43712448
3490.63261506
3491.43291409
3491.59073261
3492.43252253
3492.65279714
3493.38856443
3493.55351765
3493.59688286
3494.41177557
3495.46196113
3495.49233859
3496.41836078
3496.45548618
3497.59110093
3497.60285312
3498.40614147
3499.63746993
3500.40820549
3500.48993277
3500.55461846
3501.67420591
3502.48198028
3503.66073365
3504.36033838
3505.58163241
3506.39845778
3506.49582589
3506.51454021
3506.58500512
3507.34967103
3507.37475074
3507.57966271
3508.36122073
3509.41933114
3510.49753489
3510.62157024
3510.63459105
3512.44309519
3512.58270843
3513.37280688
3514.53466340
3516.44539906
3516.46225294
3516.53628055
3517.58020434
3518.39020090
3518.45018523
3518.49909581
3518.60036119
3519.36153678
3519.45043803
3520.36638555
3520.57351352
3520.59109854
3522.32212389
3523.32496349
3523.53285707
3525.32021661
3525.49473788
3526.40306701
3526.40931893
3527.43959882
3527.45937685
3527.46754286
3527.59059474
3528.34044580
3528.34082384
3529.31594483
3529.53523098
3529.54379349
3530.33947681
3530.36328867
3530.49946504
3531.40190469
3531.55597573
3534.46594811
3534.54891075
3535.53520562
3536.33147953
3536.43743015
3536.45518080
3536.45582958
3537.52508790
3538.43701444
3538.55277938
3539.52797668
3540.57021642
3541.38707748
3542.45235444
3542.47238798
3542.51991337
3543.32927430
3543.34927428
3543.37460930
3544.49527926
3545.46323671
3547.34650555
3548.43095331
3549.47648332
3549.53661171
3550.45620486
3550.47083874
3550.48522325
3551.39527394
3552.37803560
3552.45757898
3553.38051539
3553.50658553
3555.32039950
3555.44583438
3559.51687381
3562.33638026
3562.49604406
3563.31583075
3563.38804022
3563.42469645
3564.33282110
3565.30328712
3565.33311014
3569.32182851
3569.33096395
3569.41200791
3569.46932091
3570.30413235
3570.40016584
3572.31100697
3573.36133335
3573.45106771
3575.30405136
3575.42318055
3576.31548705
3577.32787516
3577.35038143
3577.40183480
3577.45859683
3578.35784654
3578.36328662
3580.30946197
3580.33733583
3580.44748963
3582.38882638
3582.42442989
3585.31529743
3588.43594154
3589.38868518
3592.37852087
3592.37937869
3595.36322242
3598.32314308
3598.32782570
3602.35388367
3603.33325782
3605.37220003
3609.32391218
3616.35321374
3617.32311441
3621.34584479
3622.32696510
