t (days)
85.72025457
86.71995347
87.71966236
88.71938686
89.71914452
90.71890107
91.71868508
92.71849588
93.71830674
94.71815221
95.71800862
96.71788106
97.71778969
98.71768941
99.71762507
100.71757613
101.71753908
102.71753959
103.71753037
104.71755800
105.71759742
106.71765219
107.71773848
108.71782027
109.71794034
110.71806017
111.71820653
112.71836960
113.71854178
114.71874602
115.71894343
116.71917912
117.71940850
118.71966783
119.71993370
120.72021555
121.72051528
122.72081833
123.72114920
124.72147197
125.72183041
126.72217225
127.72254769
128.72291515
129.72330613
130.72369680
131.72410192
132.72451346
133.72493130
134.72536151
135.72579067
136.72623742
137.72667655
138.72654175
139.72381238
140.72108109
141.71835290
142.71562110
143.71289155
144.71016183
146.70470294
147.70197081
148.69924152
149.69651139
150.69378062
151.69105257
152.68832028
153.68559116
154.68286061
155.68013010
156.67740169
157.67466972
158.67194090
159.66921000
160.66647976
161.66375093
162.66101919
163.65829057
164.65555923
165.65282918
166.65009990
167.64736838
168.64463997
169.64190825
170.63917847
171.63644883
172.63371763
173.63098950
174.62825744
175.62552792
176.62279788
177.62006688
178.61733891
179.61460639
180.61187704
181.60914655
182.60641579
183.60368745
184.60095522
185.59822616
186.59549533
187.59276485
188.59003609
189.58730410
190.58457523
191.58184395
192.57911365
193.57638443
194.57365265
195.57092398
196.56819230
197.56546226
198.56273266
199.56000119
200.55727281
201.55454078
202.55181101
203.54908101
204.54634976
205.54362154
206.54088905
207.53815944
208.53542898
209.53269795
210.52996964
211.52723714
212.52450782
213.52177702
214.51904628
215.51631757
216.51358531
217.51085619
218.50812494
219.50539438
220.50266520
221.49993315
222.49720423
223.49447257
224.49174226
225.48901270
226.48628096
227.48355232
228.48082033
229.47809030
230.47536034
231.47262883
232.46990037
233.46716791
234.46443805
235.46170762
236.45897632
237.45624804
238.45351527
239.45078569
240.44805492
241.44532392
242.44259526
243.43986275
244.43713339
245.43440217
246.43167137
247.42894222
248.42620992
249.42348075
250.42074912
251.41801856
252.41528902
253.41255702
254.40982814
255.40709617
256.40436590
257.40163598
258.39890423
259.39617553
260.39344311
261.39071300
262.38798261
263.38525106
264.38252258
265.37978980
266.37705999
267.37432925
268.37159802
269.36886941
270.36613667
271.36340709
272.36067593
273.35794491
274.35521583
275.35248330
276.34975392
277.34702235
278.34429157
279.34156210
280.33882988
281.33610079
282.33336889
283.33063843
284.32790860
285.32517666
286.32244779
287.31971545
288.31698516
289.31425486
290.31152312
291.30879447
292.30606176
293.30333177
294.30147816
295.30181806
296.30217810
297.30254048
298.30292354
299.30330862
300.30371161
301.30411876
302.30453993
303.30496710
304.30540471
305.30584986
306.30630216
307.30676332
308.30722861
309.30770385
310.30818046
311.30866797
312.30915434
313.30965241
314.31014712
315.31065422
316.31115599
317.31167036
318.31217832
319.31269768
320.31321148
321.31373453
322.31425274
323.31477813
324.31529930
325.31582568
326.31634840
326.31634840
328.31739739
329.31792191
330.31844381
331.31896563
332.31948537
333.32000349
334.32052006
335.32103358
336.32154611
337.32205428
338.32256204
339.32306428
340.32356672
341.32406265
450.72033212
451.72002361
452.71973454
453.71945093
454.71919965
455.71895743
456.71873187
457.71854043
458.71834415
459.71817919
460.71803635
461.71789854
462.71779660
463.71769802
464.71762367
465.71757688
466.71753051
467.71752153
468.71751592
469.71753484
470.71757837
471.71762515
472.71771046
473.71779039
474.71790279
475.71802809
476.71816699
477.71833534
478.71849993
479.71870279
480.71889824
481.71912503
482.71935850
483.71960821
484.71987728
485.72014892
486.72045120
487.72074375
488.72107264
489.72138928
490.72173697
491.72208209
492.72244742
493.72281874
494.72320053
495.72359578
496.72399274
497.72440968
498.72482047
499.72525689
500.72568008
501.72613372
502.72656786
503.72703157
504.72451031
505.72177820
506.71904924
507.71631854
508.71358815
509.71085955
511.70539903
512.70266800
513.69993793
514.69720899
515.69447745
516.69174900
517.68901756
518.68628769
519.68355829
520.68082694
521.67809867
522.67536681
523.67263717
524.66990738
525.66717632
526.66444832
527.66171614
528.65898680
529.65625666
530.65352587
531.65079784
532.64806552
533.64533635
534.64260574
535.63987512
536.63714662
537.63441453
538.63168562
539.62895467
540.62622437
541.62349552
542.62076374
543.61803507
544.61530370
545.61257359
546.60984427
547.60711268
548.60438418
549.60165238
550.59892249
551.59619276
552.59346144
553.59073320
554.58800107
555.58527147
556.58254138
557.57981034
558.57708233
559.57434979
560.57162038
561.56888982
562.56615894
563.56343048
564.56069812
565.55796894
566.55523802
567.55250746
568.54977865
569.54704661
570.54431769
571.54158636
572.53885600
573.53612673
574.53339487
575.53066611
576.52793434
577.52520419
578.52247450
579.51974291
580.51701441
581.51428230
582.51155244
583.50882239
584.50609108
585.50336283
586.50063032
587.49790066
588.49517014
589.49243901
590.48971059
591.48697795
592.48424850
593.48151760
594.47878677
595.47605800
596.47332570
597.47059653
598.46786524
599.46513463
600.46240539
601.45967327
602.45694426
603.45421252
604.45148211
605.44875244
606.44602058
607.44329183
608.44055974
609.43782963
610.43509960
611.43236804
612.42963954
613.42690706
614.42417715
615.42144666
616.41871528
617.41598690
618.41325401
619.41052431
620.40779343
621.40506234
622.40233361
623.39960105
624.39687165
625.39414041
626.39140956
627.38868038
628.38594802
629.38321879
630.38048708
631.37775644
632.37502681
633.37229472
634.36956574
635.36683368
636.36410334
637.36137337
638.35864158
639.35591288
640.35318045
641.35045034
642.34771992
643.34498832
644.34225977
645.33952690
646.33679699
647.33406617
648.33133487
649.32860622
650.32587345
651.32314386
652.32041270
653.31768167
654.31495259
655.31222004
656.30949064
657.30675902
658.30402820
659.30141071
660.30174491
661.30210020
662.30245996
663.30283644
664.30321995
665.30361612
666.30402157
667.30443595
668.30486156
669.30529269
670.30573675
671.30618324
672.30664410
673.30710456
674.30758056
675.30805354
676.30854212
677.30902687
678.30952544
679.31002109
680.31052793
681.31103259
682.31154597
683.31205778
684.31257601
685.31309321
686.31361469
687.31413563
688.31465888
689.31518205
690.31570570
691.31622972
692.31675253
692.31675253
694.31779708
695.31831931
696.31883737
697.31935730
698.31987183
699.32038879
700.32089928
701.32141280
702.32191889
703.32242855
704.32292987
705.32343517
706.32393141
816.72009169
817.71980320
818.71951078
819.71925050
820.71900996
821.71877604
822.71857610
823.71838273
824.71820990
825.71807033
826.71792518
827.71781563
828.71772115
829.71763946
830.71759493
831.71754293
832.71752600
833.71752431
834.71753488
835.71758161
836.71761942
837.71769490
838.71777735
839.71787926
840.71800633
841.71813423
842.71830053
843.71845733
844.71864857
845.71884597
846.71906156
847.71929746
848.71953673
849.71980892
850.72007108
851.72037053
852.72066140
853.72098180
854.72130420
855.72164437
856.72199583
857.72235442
858.72273240
859.72310793
860.72350984
861.72390068
862.72432392
863.72472834
864.72516430
865.72558667
866.72603315
867.72647160
868.72692698
869.72520655
870.72247502
871.71974534
872.71701583
873.71428467
874.71155656
876.70609507
877.70336513
878.70063420
879.69790634
880.69517401
881.69244481
882.68971453
883.68698391
884.68425575
885.68152363
886.67879466
887.67606396
888.67333353
889.67060490
890.66787296
891.66514417
892.66241305
893.65968288
894.65695388
895.65422228
896.65149379
897.64876235
898.64603245
899.64330304
900.64057165
901.63784333
902.63511142
903.63238169
904.62965183
905.62692067
906.62419257
907.62146031
908.61873087
909.61600066
910.61326980
911.61054173
912.60780936
913.60508016
914.60234953
915.59961887
916.59689031
917.59415813
918.59142909
919.58869802
920.58596759
921.58323865
922.58050678
923.57777805
924.57504666
925.57231652
926.56958717
927.56685552
928.56412696
929.56139509
930.55866511
931.55593529
932.55320386
933.55047551
934.54774328
935.54501358
936.54228340
937.53955227
938.53682419
939.53409161
940.53136215
941.52863156
942.52590064
943.52317213
944.52043968
945.51771039
946.51497934
947.51224863
948.50951971
949.50678757
950.50405858
951.50132721
952.49859682
953.49586751
954.49313560
955.49040678
956.48767494
957.48494470
958.48221491
959.47948321
960.47675460
961.47402239
962.47129242
963.46856227
964.46583088
965.46310255
966.46036998
967.45764027
968.45490972
969.45217855
970.44945008
971.44671737
972.44398782
973.44125680
974.43852583
975.43579693
976.43306451
977.43033526
978.42760392
979.42487328
980.42214401
981.41941186
982.41668280
983.41395099
984.41122050
985.40849075
986.40575879
987.40302994
988.40029775
989.39756753
990.39483742
991.39210578
992.38937721
993.38664468
994.38391474
995.38118423
996.37845282
997.37572442
998.37299148
999.37026171
1000.36753074
1001.36479954
1002.36207070
1003.35933805
1004.35660858
1005.35387729
1006.35114643
1007.34841724
1008.34568488
1009.34295564
1010.34022390
1011.33749322
1012.33476354
1013.33203138
1014.32930234
1015.32657022
1016.32383981
1017.32110978
1018.31837795
1019.31564921
1020.31291676
1021.31018665
1022.30745624
1023.30472467
1024.30199613
1025.30165413
1026.30200311
1027.30236217
1028.30273325
1029.30311705
1030.30350889
1031.30391568
1032.30432682
1033.30475474
1034.30518354
1035.30563056
1036.30607523
1037.30653716
1038.30699787
1039.30747271
1040.30794746
1041.30843339
1042.30892017
1043.30941543
1044.30991237
1045.31041530
1046.31092064
1047.31142967
1048.31194176
1049.31245545
1050.31297276
1051.31348977
1052.31401094
1053.31453007
1054.31505389
1055.31557410
1056.31609948
1057.31661984
1057.31661984
1059.31766542
1060.31819100
1061.31870898
1062.31923318
1063.31974858
1064.32026984
1065.32078223
1066.32129914
1067.32180805
1068.32231977
1069.32282436
1070.32333018
1071.32382976
1181.72017820
1182.71988594
1183.71959416
1184.71932734
1185.71908990
1186.71884925
1187.71864196
1188.71845137
1189.71827070
1190.71812501
1191.71797953
1192.71786073
1193.71776759
1194.71767602
1195.71762085
1196.71756978
1197.71754187
1198.71754078
1199.71754031
1200.71757759
1201.71761475
1202.71767929
1203.71776363
1204.71785538
1205.71798509
1206.71810376
1207.71826080
1208.71842196
1209.71860480
1210.71880713
1211.71901498
1212.71925608
1213.71948800
1214.71975763
1215.72002027
1216.72031184
1217.72060795
1218.72092014
1219.72124708
1220.72157851
1221.72193369
1222.72228294
1223.72266383
1224.72302946
1225.72342868
1226.72381429
1227.72422731
1228.72463383
1229.72505941
1230.72548473
1231.72592159
1232.72636373
1233.72681060
1234.72590166
1235.72317123
1236.72044076
1237.71771246
1238.71498051
1239.71225171
1240.70952091
1242.70406195
1243.70133021
1244.69860158
1245.69587033
1246.69314029
1247.69041112
1248.68767964
1249.68495128
1250.68221971
1251.67948999
1252.67676049
1253.67402931
1254.67130119
1255.66856921
1256.66583966
1257.66310968
1258.66037867
1259.65765071
1260.65491831
1261.65218901
1262.64945867
1263.64672797
1264.64399977
1265.64126759
1266.63853857
1267.63580785
1268.63307739
1269.63034875
1270.62761677
1271.62488792
1272.62215673
1273.61942646
1274.61669736
1275.61396563
1276.61123703
1277.60850551
1278.60577555
1279.60304612
1280.60031470
1281.59758635
1282.59485442
1283.59212464
1284.58939472
1285.58666346
1286.58393526
1287.58120290
1288.57847335
1289.57574305
1290.57301208
1291.57028393
1292.56755149
1293.56482222
1294.56209155
1295.55936084
1296.55663225
1297.55390002
1298.55117092
1299.54843978
1300.54570925
1301.54298019
1302.54024818
1303.53751932
1304.53478783
1305.53205760
1306.52932821
1307.52659653
1308.52386793
1309.52113604
1310.51840600
1311.51567612
1312.51294460
1313.51021614
1314.50748381
1315.50475399
1316.50202371
1317.49929248
1318.49656431
1319.49383165
1320.49110212
1321.48837148
1322.48564051
1323.48291196
1324.48017946
1325.47745011
1326.47471901
1327.47198821
1328.46925919
1329.46652691
1330.46379778
1331.46106630
1332.45833581
1333.45560645
1334.45287451
1335.45014566
1336.44741380
1337.44468351
1338.44195367
1339.43922188
1340.43649317
1341.43376085
1342.43103077
1343.42830052
1344.42556902
1345.42284060
1346.42010796
1347.41737818
1348.41464757
1349.41191635
1350.40918784
1351.40645510
1352.40372551
1353.40099444
1354.39826341
1355.39553443
1356.39280190
1357.39007253
1358.38734107
1359.38461033
1360.38188100
1361.37914882
1362.37641976
1363.37368795
1364.37095746
1365.36822767
1366.36549566
1367.36276674
1368.36003446
1369.35730416
1370.35457396
1371.35184224
1372.34911360
1373.34638101
1374.34365102
1375.34092048
1376.33818905
1377.33546063
1378.33272768
1379.32999790
1380.32726691
1381.32453568
1382.32180678
1383.31907405
1384.31634449
1385.31361311
1386.31088218
1387.30815294
1388.30542056
1389.30269133
1390.30156844
1391.30191432
1392.30227535
1393.30264326
1394.30302868
1395.30341686
1396.30382459
1397.30423135
1398.30465686
1399.30508308
1400.30552460
1401.30596852
1402.30642444
1403.30688422
1404.30735298
1405.30782685
1406.30830693
1407.30879317
1408.30928311
1409.30978010
1410.31027849
1411.31078469
1412.31129018
1413.31180409
1414.31231536
1415.31283553
1416.31335125
1417.31387618
1418.31439495
1419.31492312
1420.31544346
1421.31597273
1422.31649376
1422.31649376
1424.31754297
1425.31806924
1426.31858859
1427.31911163
1428.31962850
1429.32014740
1430.32066093
1431.32117496
1432.32168445
1433.32219305
1434.32269794
1435.32320068
1436.32370059
1546.72025598
1547.71995514
1548.71966450
1549.71938856
1550.71914542
1551.71890146
1552.71868408
1553.71849393
1554.71830311
1555.71814689
1556.71800244
1557.71787353
1558.71778108
1559.71768088
1560.71761623
1561.71756819
1562.71753169
1563.71753312
1564.71752596
1565.71755520
1566.71759717
1567.71765402
1568.71774311
1569.71782717
1570.71794951
1571.71807198
1572.71822034
1573.71838557
1574.71855921
1575.71876486
1576.71896295
1577.71919885
1578.71942826
1579.71968684
1580.71995181
1581.72023206
1582.72053024
1583.72083119
1584.72116034
1585.72148104
1586.72183762
1587.72217845
1588.72255276
1589.72292011
1590.72331090
1591.72370242
1592.72410831
1593.72452156
1594.72494100
1595.72537356
1596.72580494
1597.72625441
1598.72669605
1599.72659739
1600.72386807
1601.72113673
1602.71840849
1603.71567674
1604.71294714
1605.71021748
1607.70475852
1608.70202646
1609.69929713
1610.69656706
1611.69383625
1612.69110826
1613.68837591
1614.68564674
1615.68291624
1616.68018567
1617.67745732
1618.67472530
1619.67199645
1620.66926562
1621.66653535
1622.66380661
1623.66107484
1624.65834618
1625.65561490
1626.65288481
1627.65015559
1628.64742402
1629.64469556
1630.64196389
1631.63923406
1632.63650448
1633.63377324
1634.63104507
1635.62831308
1636.62558353
1637.62285354
1638.62012250
1639.61739449
1640.61466202
1641.61193261
1642.60920216
1643.60647135
1644.60374306
1645.60101078
1646.59828169
1647.59555092
1648.59282041
1649.59009172
1650.58735970
1651.58463080
1652.58189958
1653.57916924
1654.57644007
1655.57370825
1656.57097953
1657.56824790
1658.56551781
1659.56278827
1660.56005676
1661.55732834
1662.55459639
1663.55186658
1664.54913665
1665.54640535
1666.54367709
1667.54094465
1668.53821499
1669.53548457
1670.53275349
1671.53002523
1672.52729268
1673.52456332
1674.52183258
1675.51910181
1676.51637318
1677.51364089
1678.51091175
1679.50818057
1680.50544998
1681.50272086
1682.49998876
1683.49725979
1684.49452818
1685.49179783
1686.48906832
1687.48633653
1688.48360786
1689.48087592
1690.47814587
1691.47541597
1692.47268442
1693.46995591
1694.46722350
1695.46449358
1696.46176319
1697.45903184
1698.45630355
1699.45357078
1700.45084116
1701.44811045
1702.44537941
1703.44265082
1704.43991827
1705.43718888
1706.43445773
1707.43172689
1708.42899781
1709.42626545
1710.42353624
1711.42080465
1712.41807404
1713.41534456
1714.41261251
1715.40988359
1716.40715168
1717.40442139
1718.40169154
1719.39895976
1720.39623103
1721.39349866
1722.39076851
1723.38803816
1724.38530657
1725.38257805
1726.37984532
1727.37711547
1728.37438480
1729.37165353
1730.36892499
1731.36619222
1732.36346262
1733.36073153
1734.35800047
1735.35527145
1736.35253888
1737.34980946
1738.34707793
1739.34434710
1740.34161769
1741.33888541
1742.33615628
1743.33342444
1744.33069394
1745.32796418
1746.32523221
1747.32250331
1748.31977103
1749.31704070
1750.31431044
1751.31157865
1752.30884996
1753.30611731
1754.30338728
1755.30151018
1756.30184931
1757.30220826
1758.30256919
1759.30295057
1760.30333388
1761.30373496
1762.30414030
1763.30455966
1764.30498529
1765.30542150
1766.30586570
1767.30631728
1768.30677829
1769.30724375
1770.30771980
1771.30819757
1772.30868682
1773.30917526
1774.30967581
1775.31017313
1776.31068297
1777.31118735
1778.31170412
1779.31221413
1780.31273510
1781.31324999
1782.31377362
1783.31429186
1784.31481679
1785.31533703
1786.31586207
1787.31638310
1787.31638310
1789.31742796
1790.31795017
1791.31846977
1792.31898931
1793.31950697
1794.32002317
1795.32053820
1796.32105049
1797.32156231
1798.32207020
1799.32257828
1800.32308131
1801.32358513
1802.32408284
1911.72032531
1912.72001564
1913.71972640
1914.71944227
1915.71919084
1916.71894962
1917.71872473
1918.71853434
1919.71834016
1920.71817688
1921.71803657
1922.71790080
1923.71780097
1924.71770503
1925.71763270
1926.71758823
1927.71754351
1928.71753591
1929.71753174
1930.71755135
1931.71759552
1932.71764218
1933.71772694
1934.71780628
1935.71791733
1936.71804135
1937.71817831
1938.71834504
1939.71850752
1940.71870833
1941.71890252
1942.71912782
1943.71936081
1944.71960991
1945.71987947
1946.72015149
1947.72045517
1948.72074898
1949.72107947
1950.72139852
1951.72174831
1952.72209606
1953.72246363
1954.72283745
1955.72322126
1956.72361856
1957.72401702
1958.72443527
1959.72484675
1960.72528354
1961.72570644
1962.72615942
1963.72659222
1964.72705408
1965.72456637
1966.72183422
1967.71910522
1968.71637457
1969.71364413
1970.71091559
1972.70545498
1973.70272402
1974.69999392
1975.69726506
1976.69453349
1977.69180502
1978.68907365
1979.68634375
1980.68361442
1981.68088303
1982.67815473
1983.67542293
1984.67269325
1985.66996351
1986.66723241
1987.66450437
1988.66177225
1989.65904287
1990.65631280
1991.65358198
1992.65085402
1993.64812165
1994.64539244
1995.64266189
1996.63993122
1997.63720276
1998.63447062
1999.63174167
2000.62901077
2001.62628044
2002.62355166
2003.62081984
2004.61809114
2005.61535984
2006.61262971
2007.60990045
2008.60716881
2009.60444026
2010.60170852
2011.59897858
2012.59624891
2013.59351754
2014.59078926
2015.58805719
2016.58532756
2017.58259754
2018.57986646
2019.57713843
2020.57440595
2021.57167651
2022.56894601
2023.56621509
2024.56348669
2025.56075428
2026.55802506
2027.55529420
2028.55256360
2029.54983488
2030.54710280
2031.54437386
2032.54164261
2033.53891223
2034.53618302
2035.53345113
2036.53072233
2037.52799062
2038.52526043
2039.52253079
2040.51979915
2041.51707061
2042.51433856
2043.51160866
2044.50887867
2045.50614733
2046.50341905
2047.50068660
2048.49795690
2049.49522643
2050.49249526
2051.48976689
2052.48703420
2053.48430471
2054.48157386
2055.47884299
2056.47611429
2057.47338194
2058.47065275
2059.46792153
2060.46519090
2061.46246173
2062.45972958
2063.45700053
2064.45426885
2065.45153840
2066.44880878
2067.44607688
2068.44334809
2069.44061605
2070.43788590
2071.43515594
2072.43242435
2073.42969582
2074.42696340
2075.42423346
2076.42150304
2077.41877161
2078.41604322
2079.41331034
2080.41058060
2081.40784978
2082.40511865
2083.40238999
2084.39965740
2085.39692797
2086.39419680
2087.39146593
2088.38873682
2089.38600443
2090.38327516
2091.38054352
2092.37781284
2093.37508328
2094.37235113
2095.36962211
2096.36689012
2097.36415973
2098.36142983
2099.35869801
2100.35596927
2101.35323692
2102.35050677
2103.34777642
2104.34504478
2105.34231619
2106.33958337
2107.33685342
2108.33412266
2109.33139132
2110.32866273
2111.32592993
2112.32320031
2113.32046922
2114.31773816
2115.31500915
2116.31227658
2117.30954714
2118.30681559
2119.30408473
2120.30141933
2121.30175321
2122.30210841
2123.30246868
2124.30284592
2125.30323080
2126.30362860
2127.30403621
2128.30445294
2129.30488127
2130.30531516
2131.30575276
2132.30619967
2133.30666300
2134.30712551
2135.30760312
2136.30807717
2137.30856626
2138.30905098
2139.30954897
2140.31004357
2141.31054893
2142.31105181
2143.31156314
2144.31207280
2145.31258879
2146.31310386
2147.31362328
2148.31414247
2149.31466415
2150.31518622
2151.31570907
2152.31623286
2153.31675579
2153.31675579
2155.31780219
2156.31832610
2157.31884616
2158.31936849
2159.31988557
2160.32040520
2161.32091826
2162.32143413
2163.32194221
2164.32245342
2165.32295578
2166.32346156
2167.32395773
2277.72009182
2278.71980618
2279.71951616
2280.71925815
2281.71901996
2282.71878783
2283.71858941
2284.71839743
2285.71822544
2286.71808651
2287.71794148
2288.71783170
2289.71773683
2290.71765428
2291.71760865
2292.71755559
2293.71753730
2294.71753452
2295.71754383
2296.71758981
2297.71762686
2298.71770197
2299.71778482
2300.71788727
2301.71801568
2302.71814509
2303.71831331
2304.71847261
2305.71866638
2306.71886660
2307.71908494
2308.71932357
2309.71956538
2310.71983983
2311.72010401
2312.72040513
2313.72069709
2314.72101828
2315.72134082
2316.72168081
2317.72203144
2318.72238891
2319.72276522
2320.72313885
2321.72353853
2322.72392705
2323.72434795
2324.72475011
2325.72518402
2326.72560484
2327.72605009
2328.72648800
2329.72694322
2330.72525315
2331.72252170
2332.71979200
2333.71706258
2334.71433139
2335.71160325
2337.70614181
2338.70341194
2339.70068098
2340.69795307
2341.69522082
2342.69249158
2343.68976137
2344.68703072
2345.68430265
2346.68157049
2347.67884150
2348.67611088
2349.67338042
2350.67065186
2351.66791988
2352.66519104
2353.66245999
2354.65972978
2355.65700087
2356.65426923
2357.65154072
2358.64880936
2359.64607944
2360.64335011
2361.64061869
2362.63789033
2363.63515850
2364.63242874
2365.62969895
2366.62696775
2367.62423962
2368.62150742
2369.61877794
2370.61604780
2371.61331690
2372.61058891
2373.60785650
2374.60512727
2375.60239672
2376.59966602
2377.59693754
2378.59420532
2379.59147624
2380.58874523
2381.58601476
2382.58328589
2383.58055399
2384.57782524
2385.57509393
2386.57236377
2387.56963450
2388.56690283
2389.56417424
2390.56144245
2391.55871244
2392.55598270
2393.55325123
2394.55052284
2395.54779068
2396.54506094
2397.54233084
2398.53959968
2399.53687157
2400.53413906
2401.53140958
2402.52867907
2403.52594812
2404.52321970
2405.52048721
2406.51775788
2407.51502691
2408.51229617
2409.50956732
2410.50683515
2411.50410614
2412.50137486
2413.49864444
2414.49591523
2415.49318330
2416.49045446
2417.48772271
2418.48499244
2419.48226273
2420.47953099
2421.47680235
2422.47407020
2423.47134020
2424.46861013
2425.46587870
2426.46315034
2427.46041785
2428.45768811
2429.45495764
2430.45222644
2431.44949805
2432.44676530
2433.44403572
2434.44130477
2435.43857376
2436.43584494
2437.43311249
2438.43038321
2439.42765195
2440.42492128
2441.42219211
2442.41945993
2443.41673085
2444.41399913
2445.41126862
2446.40853894
2447.40580695
2448.40307807
2449.40034595
2450.39761569
2451.39488565
2452.39215397
2453.38942538
2454.38669292
2455.38396295
2456.38123252
2457.37850109
2458.37577268
2459.37303978
2460.37030997
2461.36757907
2462.36484784
2463.36211907
2464.35938638
2465.35665687
2466.35392566
2467.35119477
2468.34846567
2469.34573329
2470.34300402
2471.34027237
2472.33754166
2473.33481206
2474.33207987
2475.32935079
2476.32661874
2477.32388830
2478.32115834
2479.31842646
2480.31569769
2481.31296531
2482.31023517
2483.30750484
2484.30477323
2485.30204467
2486.30166149
2487.30201299
2488.30237443
2489.30274743
2490.30313280
2491.30352562
2492.30393293
2493.30434394
2494.30477126
2495.30519889
2496.30564440
2497.30608713
2498.30654691
2499.30700549
2500.30747810
2501.30795090
2502.30843494
2503.30892032
2504.30941436
2505.30991067
2506.31041322
2507.31091883
2508.31142840
2509.31194165
2510.31245675
2511.31297601
2512.31349512
2513.31401876
2514.31454037
2515.31506676
2516.31558935
2517.31611693
2518.31663906
2518.31663906
2520.31768679
2521.31821261
2522.31873022
2523.31925352
2524.31976748
2525.32028686
2526.32079711
2527.32131158
2528.32181800
2529.32232714
2530.32282935
2531.32333286
2532.32383052
2642.72017596
2643.71988329
2644.71959140
2645.71932372
2646.71908585
2647.71884413
2648.71863574
2649.71844472
2650.71826313
2651.71811673
2652.71797148
2653.71785262
2654.71776047
2655.71766970
2656.71761580
2657.71756706
2658.71754131
2659.71754324
2660.71754554
2661.71758575
2662.71762625
2663.71769365
2664.71778092
2665.71787504
2666.71800694
2667.71812723
2668.71828545
2669.71844746
2670.71863058
2671.71883286
2672.71904015
2673.71928042
2674.71951110
2675.71977920
2676.72004033
2677.72033011
2678.72062470
2679.72093526
2680.72126108
2681.72159144
2682.72194628
2683.72229538
2684.72267696
2685.72304355
2686.72344423
2687.72383206
2688.72424743
2689.72465675
2690.72508512
2691.72551331
2692.72595287
2693.72639748
2694.72684650
2695.72595348
2696.72322313
2697.72049261
2698.71776440
2699.71503241
2700.71230358
2701.70957286
2703.70411393
2704.70138215
2705.69865348
2706.69592230
2707.69319222
2708.69046313
2709.68773161
2710.68500321
2711.68227172
2712.67954197
2713.67681256
2714.67408135
2715.67135320
2716.66862130
2717.66589172
2718.66316182
2719.66043078
2720.65770278
2721.65497046
2722.65224112
2723.64951084
2724.64678010
2725.64405197
2726.64131974
2727.63859069
2728.63586005
2729.63312955
2730.63040099
2731.62766897
2732.62494008
2733.62220897
2734.61947865
2735.61674963
2736.61401785
2737.61128920
2738.60855777
2739.60582777
2740.60309843
2741.60036698
2742.59763860
2743.59490676
2744.59217695
2745.58944712
2746.58671582
2747.58398759
2748.58125531
2749.57852572
2750.57579550
2751.57306450
2752.57033643
2753.56760394
2754.56487463
2755.56214404
2756.55941330
2757.55668480
2758.55395253
2759.55122340
2760.54849234
2761.54576177
2762.54303279
2763.54030074
2764.53757184
2765.53484043
2766.53211017
2767.52938087
2768.52664916
2769.52392054
2770.52118874
2771.51845868
2772.51572889
2773.51299733
2774.51026884
2775.50753658
2776.50480673
2777.50207653
2778.49934525
2779.49661704
2780.49388445
2781.49115489
2782.48842433
2783.48569332
2784.48296485
2785.48023232
2786.47750293
2787.47477191
2788.47204108
2789.46931213
2790.46657981
2791.46385063
2792.46111923
2793.45838870
2794.45565942
2795.45292744
2796.45019857
2797.44746681
2798.44473649
2799.44200674
2800.43927492
2801.43654618
2802.43381395
2803.43108383
2804.42835366
2805.42562212
2806.42289366
2807.42016109
2808.41743127
2809.41470075
2810.41196949
2811.40924107
2812.40650828
2813.40377866
2814.40104767
2815.39831660
2816.39558770
2817.39285513
2818.39012572
2819.38739435
2820.38466357
2821.38193434
2822.37920212
2823.37647304
2824.37374133
2825.37101081
2826.36828113
2827.36554909
2828.36282015
2829.36008796
2830.35735763
2831.35462752
2832.35189576
2833.34916709
2834.34643459
2835.34370456
2836.34097411
2837.33824264
2838.33551421
2839.33278131
2840.33005150
2841.32732059
2842.32458932
2843.32186052
2844.31912774
2845.31639815
2846.31366685
2847.31093587
2848.30820672
2849.30547431
2850.30274505
2851.30158828
2852.30193251
2853.30229181
2854.30265784
2855.30304159
2856.30342820
2857.30383477
2858.30424068
2859.30466572
2860.30509211
2861.30553409
2862.30597908
2863.30643636
2864.30689802
2865.30736887
2866.30784522
2867.30832791
2868.30881695
2869.30930966
2870.30980941
2871.31031034
2872.31081883
2873.31132624
2874.31184162
2875.31235384
2876.31287437
2877.31338989
2878.31391402
2879.31443147
2880.31495785
2881.31547607
2882.31600299
2883.31652161
2883.31652161
2885.31756630
2886.31809064
2887.31860850
2888.31913038
2889.31964662
2890.32016529
2891.32067914
2892.32119387
2893.32170456
2894.32221469
2895.32272151
2896.32322641
2897.32372870
3007.72024793
3008.71994716
3009.71965766
3010.71938259
3011.71914075
3012.71889913
3013.71868386
3014.71849670
3015.71830855
3016.71815513
3017.71801392
3018.71788769
3019.71779769
3020.71769993
3021.71763703
3022.71759055
3023.71755492
3024.71755680
3025.71754986
3026.71757873
3027.71762020
3028.71767604
3029.71776413
3030.71784680
3031.71796764
3032.71808894
3033.71823588
3034.71840022
3035.71857287
3036.71877823
3037.71897605
3038.71921214
3039.71944264
3040.71970244
3041.71996950
3042.72025197
3043.72055301
3044.72085686
3045.72118917
3046.72151290
3047.72187233
3048.72221575
3049.72259222
3050.72296121
3051.72335318
3052.72374524
3053.72415124
3054.72456398
3055.72498255
3056.72541371
3057.72584340
3058.72629085
3059.72673027
3060.72665420
3061.72392497
3062.72119359
3063.71846531
3064.71573365
3065.71300401
3066.71027445
3068.70481542
3069.70208345
3070.69935409
3071.69662413
3072.69389329
3073.69116541
3074.68843303
3075.68570382
3076.68297341
3077.68024281
3078.67751455
3079.67478249
3080.67205359
3081.66932285
3082.66659253
3083.66386388
3084.66113206
3085.65840337
3086.65567219
3087.65294206
3088.65021293
3089.64748131
3090.64475280
3091.64202122
3092.63929135
3093.63656186
3094.63383056
3095.63110236
3096.62837046
3097.62564087
3098.62291099
3099.62017991
3100.61745187
3101.61471950
3102.61199006
3103.60925971
3104.60652885
3105.60380065
3106.60106833
3107.59833919
3108.59560851
3109.59287795
3110.59014937
3111.58741730
3112.58468836
3113.58195724
3114.57922687
3115.57649780
3116.57376593
3117.57103718
3118.56830564
3119.56557551
3120.56284607
3121.56011451
3122.55738606
3123.55465421
3124.55192437
3125.54919454
3126.54646321
3127.54373492
3128.54100259
3129.53827290
3130.53554259
3131.53281146
3132.53008330
3133.52735070
3134.52462130
3135.52189065
3136.51915983
3137.51643129
3138.51369896
3139.51096977
3140.50823868
3141.50550805
3142.50277902
3143.50004688
3144.49731787
3145.49458634
3146.49185594
3147.48912652
3148.48639468
3149.48366597
3150.48093413
3151.47820404
3152.47547425
3153.47274266
3154.47001413
3155.46728183
3156.46455188
3157.46182160
3158.45909021
3159.45636188
3160.45362921
3161.45089954
3162.44816892
3163.44543783
3164.44270933
3165.43997674
3166.43724731
3167.43451625
3168.43178537
3169.42905639
3170.42632399
3171.42359473
3172.42086323
3173.41813257
3174.41540318
3175.41267107
3176.40994211
3177.40721030
3178.40447996
3179.40175022
3180.39901839
3181.39628963
3182.39355736
3183.39082718
3184.38809694
3185.38536530
3186.38263675
3187.37990411
3188.37717421
3189.37444363
3190.37171232
3191.36898388
3192.36625106
3193.36352142
3194.36079042
3195.35805933
3196.35533042
3197.35259780
3198.34986833
3199.34713690
3200.34440603
3201.34167670
3202.33894438
3203.33621521
3204.33348346
3205.33075292
3206.32802326
3207.32529125
3208.32256232
3209.31983014
3210.31709978
3211.31436962
3212.31163780
3213.30890906
3214.30617650
3215.30344642
3216.30149273
3217.30183299
3218.30219384
3219.30255669
3220.30294028
3221.30332636
3222.30373002
3223.30413827
3224.30456025
3225.30498862
3226.30542712
3227.30586419
3228.30631518
3229.30677758
3230.30724376
3231.30772017
3232.30819759
3233.30868612
3234.30917315
3235.30967205
3236.31016722
3237.31067492
3238.31117693
3239.31169143
3240.31219969
3241.31271903
3242.31323300
3243.31375595
3244.31427429
3245.31479957
3246.31532089
3247.31584722
3248.31637016
3248.31637016
3250.31741954
3251.31794424
3252.31846660
3253.31898875
3254.31950906
3255.32002761
3256.32054484
3257.32105887
3258.32157209
3259.32208080
3260.32258923
3261.32309199
3262.32359504
3263.32409140
3372.72032350
3373.72001636
3374.71972984
3375.71944769
3376.71919786
3377.71895816
3378.71873400
3379.71854392
3380.71834995
3381.71818622
3382.71804548
3383.71790874
3384.71780776
3385.71771099
3386.71763745
3387.71759227
3388.71754657
3389.71753821
3390.71753403
3391.71755353
3392.71759844
3393.71764582
3394.71773177
3395.71781319
3396.71792637
3397.71805328
3398.71819315
3399.71836325
3400.71852898
3401.71873305
3402.71893036
3403.71915840
3404.71939367
3405.71964460
3406.71991533
3407.72018808
3408.72049183
3409.72078533
3410.72111506
3411.72143286
3412.72178119
3413.72212721
3414.72249297
3415.72286495
3416.72324696
3417.72364265
3418.72403967
3419.72445690
3420.72486763
3421.72530424
3422.72572734
3423.72618115
3424.72661522
3425.72707887
3426.72461647
3427.72188429
3428.71915525
3429.71642472
3430.71369424
3431.71096581
3433.70550510
3434.70277423
3435.70004408
3436.69731532
3437.69458368
3438.69185516
3439.68912390
3440.68639395
3441.68366472
3442.68093329
3443.67820494
3444.67547323
3445.67274350
3446.67001386
3447.66728270
3448.66455462
3449.66182259
3450.65909316
3451.65636319
3452.65363232
3453.65090446
3454.64817206
3455.64544282
3456.64271237
3457.63998166
3458.63725332
3459.63452113
3460.63179212
3461.62906132
3462.62633093
3463.62360225
3464.62087038
3465.61814163
3466.61541044
3467.61268026
3468.60995111
3469.60721943
3470.60449085
3471.60175920
3472.59902922
3473.59629965
3474.59356823
3475.59083990
3476.58810792
3477.58537824
3478.58264832
3479.57991720
3480.57718912
3481.57445675
3482.57172727
3483.56899688
3484.56626593
3485.56353764
3486.56080518
3487.55807591
3488.55534514
3489.55261449
3490.54988585
3491.54715372
3492.54442472
3493.54169357
3494.53896314
3495.53623404
3496.53350210
3497.53077326
3498.52804165
3499.52531141
3500.52258187
3501.51985018
3502.51712159
3503.51438963
3504.51165969
3505.50892980
3506.50619841
3507.50347009
3508.50073774
3509.49800801
3510.49527766
3511.49254644
3512.48981819
3513.48708546
3514.48435592
3515.48162517
3516.47889424
3517.47616563
3518.47343323
3519.47070398
3520.46797286
3521.46524217
3522.46251311
3523.45978091
3524.45705182
3525.45432024
3526.45158973
3527.44886023
3528.44612826
3529.44339942
3530.44066747
3531.43793726
3532.43520740
3533.43247576
3534.42974719
3535.42701487
3536.42428489
3537.42155458
3538.41882311
3539.41609468
3540.41336191
3541.41063212
3542.40790140
3543.40517021
3544.40244164
3545.39970898
3546.39697949
3547.39424841
3548.39151748
3549.38878847
3550.38605603
3551.38332671
3552.38059517
3553.37786444
3554.37513498
3555.37240278
3556.36967370
3557.36694180
3558.36421136
3559.36148155
3560.35874968
3561.35602090
3562.35328865
3563.35055846
3564.34782823
3565.34509655
3566.34236792
3567.33963521
3568.33690522
3569.33417456
3570.33144317
3571.32871468
3572.32598182
3573.32325214
3574.32052114
3575.31779003
3576.31506113
3577.31232850
3578.30959902
3579.30686758
3580.30413667
3581.30141642
3582.30175188
3583.30210805
3584.30246905
3585.30284634
3586.30323098
3587.30362783
3588.30403424
3589.30444911
3590.30487547
3591.30530689
3592.30575147
3593.30619804
3594.30665922
3595.30711960
3596.30759580
3597.30806862
3598.30855701
3599.30904192
3600.30954031
3601.31003613
3602.31054285
3603.31104776
3604.31156111
3605.31207328
3606.31259161
3607.31310928
3608.31363098
3609.31415249
3610.31467606
3611.31519986
3612.31572387
3613.31624855
3614.31677173
3614.31677173
3616.31781721
3617.31833995
3618.31885823
3619.31937852
3620.31989311
3621.32041025
3622.32092062
3623.32143414
3624.32193995
3625.32244947
3626.32295045
3627.32345536
3628.32395141
