Name	RA	DEC	PMRA	PMDEC	Gmag
	deg	deg	mas/yr	mas/yr
----	--	---	-----	------	-----
Positions are in epoch 2015.5!
-------------------------------------------------------------
THIS IS THE CONTROL SAMPLE
-----------------------------------------------------------
HD10476	25.62263032	20.26561262	-301.592	-674.505	4.9697
HD101501	175.2625026	34.1999925	-12.247	-381.257	5.0824
HD82885	143.9107352	35.80901718	-726.201	-259.506	5.1628
HD86728	150.250054	31.92182159	-528.807	-429.627	5.1759
HD157214	260.1655574	32.463262	135.731	-1040.913	5.1797
HD55575	108.9591041	47.23916292	30.07	-186.405	5.3678
HD10780	26.94249331	63.851442	582.028	-246.228	5.3827
HD219623	349.1770734	53.21245641	112.891	-236.852	5.4294
HD4628	12.09900167	5.275698037	755.561	-1141.745	5.4415
HD72905	129.7984911	65.02128479	-27.158	87.546	5.4796
-----------------------------------------------------------
THIS IS THE REAL SAMPLE - ORDERED IN G MAG
-----------------------------------------------------------
HD119124	205.0959501	50.51966777	-125.728	58.567	6.1794
HD32715	77.43526652	64.91870452	-17.063	-182.373	6.2495
HD97855A	169.0179633	52.77340985	161.858	57.358	6.3748
HD60912	114.8395017	50.52827104	-78.808	-61.627	6.7803
HD123033	211.1914755	25.81727021	7.292	-110.307	6.8262
HD112196	193.6669749	22.10779458	52.346	-32.09	6.8567
HD96105	166.4418457	50.17237214	-72.137	-20.863	6.9096
HD44966	96.20892015	4.871833329	-37.703	-37.723	6.9098
HD42417	93.90103647	66.14851622	19.838	4.672	6.9188
HD154181	254.0795854	74.28225557	53.183	-85.651	6.9574
HD83451	144.8665225	35.24309296	-67.9	3.071	6.98
HD95638	165.8400041	61.65397615	-117.263	-67.156	6.9985
HD59331	112.6646747	27.90855557	-46.184	-42.283	6.9986
HD136160A	229.6743061	10.42768549	-72.696	-16.753	7.0047
HD26710	63.63394153	26.25541074	-40.391	-116.976	7.0213
HD27731	65.87710776	24.40522468	92.975	-42.841	7.0501
HD90343	158.7978272	84.39952776	19.737	47.826	7.0673
HD130460	221.3181011	65.33013627	-111.337	36.232	7.0922
HD98423	169.9226076	38.10058024	-57.968	-68.728	7.1014
HD99739	172.1037802	2.782669597	-119.055	-69.31	7.1109
HD84004	145.7292982	32.26465643	-11.955	-23.468	7.1506
HD74361	131.2956985	43.64896835	-19.355	-43.403	7.1513
HD25444A	61.03038773	39.50930539	147.261	-96.201	7.1595
HD96272	166.5389473	7.139967317	-54.716	49.67	7.1683
HD89906A	155.6813226	15.34401751	-267.305	-90.061	7.1726
HD84388	146.5226581	39.83816539	-0.628	28.8	7.1772
HD63648	117.6313286	14.84148156	-65.075	-24.477	7.1866
HD59432A	112.6090771	13.86487352	-43.916	-20.047	7.1927
HD115981	200.1066103	17.58082071	-109.922	47.56	7.1936
HD108944	187.7531098	31.42395476	8.096	27.894	7.1963
HD134228	227.085505	10.11379597	-57.63	-20.825	7.224
HD88959	154.159031	41.2757787	22.269	-17.623	7.2307
HD60406	114.5200427	61.53345559	26.928	22.298	7.2424
HD42508	93.49617848	52.01098362	13.279	-89.361	7.2519
HD134495	227.3729835	24.67615985	20.596	31.127	7.2811
HD71986	132.7215529	85.05065142	-112.151	-81.649	7.2915
HD97584	168.7934896	73.47568894	-403.471	112.325	7.2977
HD82602	144.2871696	72.07992082	-126.856	-96.929	7.311
HD131023	222.758699	9.723912176	-216.298	56.482	7.3234
HD129079	219.6557859	54.85319062	-56.165	-7.753	7.3249
HD121458	208.6628037	37.06434829	73.671	-145.761	7.3271
HD28772	68.56936567	45.91324861	39.079	-54.467	7.3329
HD115386	199.2159046	1.240213895	-25.853	-3.505	7.3351
HD129501	220.5957587	21.29293396	-108.389	-35.215	7.3352
HD151428A	251.4509116	35.63088323	37.274	27.83	7.3494
HD133725	226.181249	38.6053753	-15.53	34.152	7.3634
HD100214A	173.0828721	56.09572393	-241.03	82.81	7.3647
HD30486	72.02432449	0.675734859	-33.534	-11.146	7.3722
HD110524	190.6624937	28.35950961	-23.686	-54.429	7.3794
HD148004	244.8875243	70.36868885	64.615	27.247	7.3875
HD85091	147.4507851	11.1061238	-304.102	-70.365	7.4092
HD75353A	132.683467	35.07146412	-174.649	114.396	7.4103
HD41804	95.10161676	80.35593079	-10.336	-100.637	7.4176
HD268518	106.0204249	20.59770609	-82.092	41.288	7.4179
HD140138	235.0735855	44.83103041	-21.567	5.105	7.4268
HD129674	220.5030185	52.00533648	10.215	4.218	7.437
HD107086	184.6702333	26.19058933	-46.92	53.142	7.4408
HD99251	171.3559322	7.952680463	148.331	-64.961	7.445
HD96218	166.4574517	12.56518634	-42.46	-79.396	7.4472
HD116736	199.5306922	83.89913457	-85.14	8.073	7.4592
HD45767	98.55707035	65.28710272	-12.487	49.772	7.4622
HD98632	170.2330562	2.42234217	-66.692	-35.055	7.4759
HD37648	85.27269086	24.35033624	-10.469	17.679	7.4814
HD92013	159.4413087	17.27848626	-125.926	-32.241	7.4843
HD75353B	132.682297	35.07160959	-170.874	113.993	7.486
HD124986	214.0472266	21.24266088	49.817	-13.831	7.4898
HD117378	202.26291	42.23818453	-132.29	-18.176	7.492
HD117567	202.717567	24.23769212	5.139	17.842	7.4996
HD26051A	62.29264547	40.16069644	-25.15	-127.062	7.5045
HIP80279	245.8110023	33.69752472	-40.183	102.086	7.5184
HD86683	150.0543522	6.250671511	-112.657	15.591	7.5288
HD150749	250.4140191	34.58921741	-59.332	-34.647	7.5343
HD111997	193.2655512	19.60500053	-105.303	-10.46	7.5346
HD50058	103.1725823	29.44319501	10.913	-90.791	7.5354
HD108846	187.5514653	39.24661348	-122.79	-111.492	7.5378
HD30555	73.46498723	67.48709095	-59.224	-69.587	7.5395
HD128221	218.8997546	3.467493744	-71.877	-21.737	7.5418
HD100831A	174.1473324	56.13496211	-179.676	-91.218	7.5423
HD43403	94.37558106	32.26306941	-6.486	-43.242	7.5443
HD59058	112.4906092	38.43793227	-48.161	-68.145	7.5654
HD102211	176.4526719	6.94266568	-131.335	10.744	7.5658
HD145184	242.3025309	12.93271398	1.231	89.744	7.5663
HIP62249	191.3607184	14.36336718	79.953	-45.73	7.5689
HD105123	181.5237975	49.15845244	-127.28	6.664	7.5714
HD145605	242.5650647	40.55610945	-86.054	92.565	7.5721
HD62854	117.0685967	49.37035651	-70.517	9.622	7.5817
HD45758	97.42391967	10.66540572	-8.789	6.99	7.582
HD75299	132.3908828	12.17083961	-38.779	22.15	7.5858
HD34937	80.41277537	15.84687447	-32.529	-45.883	7.5887
HD43855	94.76257061	14.09457961	14.276	0.628	7.5891
HD55509	108.4621793	15.85186871	-34.86	-37.282	7.5894
HD84059	145.9371047	44.70126743	22.359	-7.514	7.5952
HD111238	191.9530934	19.0243052	-86.368	-0.137	7.6111
HD71089	127.0779895	56.60103015	106.541	-104.799	7.613
HD99719	172.2581877	63.57360759	105.38	29.959	7.6132
HD153559	254.7433538	31.4699626	12.621	2.717	7.6306
HD35396	81.13558261	3.517708312	19.018	-10.464	7.65
HD27023	64.67334953	49.53310999	29.098	-89.055	7.6538
HD149304	247.9835281	44.26423058	-21.98	7.224	7.6591
HD66177A	120.6089209	4.151630559	66.308	-103.565	7.6633
HD133598	226.1935328	22.41490539	-35.021	-70.069	7.6643
HIP74674	228.9102139	33.32044809	82.776	-110.04	7.6647
HD29140B	68.89681719	10.17023419	60.311	-54.859	7.6805
HD111816	192.9670049	0.084813169	65.73	-39.233	7.6966
HD100255	173.1065294	29.04497593	-0.971	-89.889	7.6982
HD77772	136.4615546	38.4387525	-146.509	-40.238	7.7045
HD46335	99.00922405	55.69225489	-22.187	-100.681	7.7061
HD103420	178.6390187	14.15120372	-82.245	-33.906	7.7155
HD131301	222.9092848	39.10312091	12.536	-28.72	7.7188
HD118020	203.3598829	39.93373015	-61.396	14.235	7.7238
HD26501	62.91714345	5.323009488	24.394	-12.169	7.7249
BD+172463	184.9549348	16.80792151	15.301	-140.128	7.73
HD56322	117.4680054	86.36468354	-68.571	-138.824	7.7375
HD131207	221.937865	71.60119865	45.807	-8.58	7.7432